1 0 0 -2.5 0 0 0 1
2 -0.00126362 0.00400925 -2.49997 0.00213729 -0.000606835 -0.000311375 0.999997
3 -0.00167966 0.00312972 -2.50063 0.0010317 -0.00176923 0.000122696 0.999998
4 -0.000247002 -0.000850201 -2.4985 1.89981e-05 -0.00288448 0.00118698 0.999995
5 0.00172091 0.00584078 -2.49899 0.00262939 -0.00394001 0.000719027 0.999988
6 0.00185537 0.0125012 -2.5011 0.00352203 -0.00355544 0.000275429 0.999987
7 0.000331402 0.0112517 -2.50181 0.00123887 -0.00256539 0.000343749 0.999996
8 -0.000375509 0.00877118 -2.49985 -6.9151e-05 -0.00230437 0.00152152 0.999996
9 -0.00169134 0.0138311 -2.50108 0.00122988 -0.00233783 0.00172436 0.999995
10 -0.00173473 0.0113013 -2.50186 -0.000538084 -0.00290773 0.00199815 0.999994
11 -0.00109506 0.00483108 -2.49982 -0.00215687 -0.00382545 0.0026777 0.999987
12 0.000223398 0.00624132 -2.49974 -0.000476404 -0.0044619 0.0025912 0.999987
13 0.00208306 0.0112724 -2.50147 0.00133825 -0.00540553 0.00212839 0.999982
14 0.00393748 0.0101433 -2.50154 0.00038115 -0.00589846 0.00164358 0.999981
15 0.00465274 0.00929332 -2.50136 0.000223238 -0.00575569 0.00177288 0.999982
16 0.00444889 0.0117736 -2.50257 0.000694562 -0.00606605 0.00155485 0.99998
17 0.00397205 0.0111034 -2.5035 -5.78958e-05 -0.0059149 0.00150065 0.999981
18 0.00426102 0.00839353 -2.50334 -0.00119757 -0.00620485 0.00211789 0.999978
19 0.00398326 0.00940371 -2.50509 -0.000659115 -0.00612305 0.00318131 0.999976
20 0.00560594 0.0073843 -2.50494 -0.000677319 -0.00611702 0.00414119 0.999972
21 0.00569654 0.0055542 -2.50473 -0.000670177 -0.0058075 0.00449308 0.999973
22 0.00744629 0.00985575 -2.50754 0.00154331 -0.00385394 0.00501063 0.999979
23 0.00880957 0.00907588 -2.50755 0.00110849 -0.00267563 0.00556175 0.99998
24 0.00889778 0.0110564 -2.50978 0.00191926 -0.000920475 0.00548956 0.999983
25 0.00769353 0.0111861 -2.51062 0.00210306 0.000946297 0.00542205 0.999983
26 0.00843716 0.0140262 -2.5124 0.0031098 0.00230903 0.00568913 0.999976
27 0.00765872 0.0154159 -2.51354 0.00322841 0.00427764 0.00553865 0.99997
28 0.00841713 0.0168266 -2.51454 0.00339437 0.00638485 0.00615752 0.999955
29 0.0105748 0.0162375 -2.51495 0.00301634 0.00802286 0.00655096 0.999942
30 0.0137651 0.0155187 -2.51605 0.00280135 0.00973449 0.00710761 0.999923
31 0.0139787 0.0134287 -2.51707 0.00169117 0.0124705 0.00782062 0.99989
32 0.0148039 0.0109389 -2.51739 0.00075353 0.015094 0.00906375 0.999845
33 0.0202453 0.00943136 -2.51939 0.000237107 0.0198419 0.010281 0.99975
34 0.0197303 0.0103016 -2.5208 0.000728836 0.023286 0.0101452 0.999677
35 0.0200121 0.0118818 -2.52342 0.000787871 0.0266699 0.00988681 0.999595
36 0.0216916 0.0125332 -2.52526 0.000457565 0.0300397 0.00979365 0.999501
37 0.021523 0.0124528 -2.52579 0.000257796 0.0337694 0.00972138 0.999382
38 0.0220339 0.0120137 -2.52676 0.00024218 0.0371884 0.0101205 0.999257
39 0.0240037 0.0119543 -2.52761 0.000167852 0.040148 0.0114276 0.999128
40 0.027626 0.010956 -2.52866 -0.000993024 0.0466063 0.0129108 0.998829
41 0.0278411 0.0110362 -2.52987 -0.0011743 0.0501352 0.0132682 0.998654
42 0.0289993 0.0111973 -2.53121 -0.00145044 0.0534425 0.013822 0.998474
43 0.030266 0.010618 -2.53167 -0.0018165 0.0568647 0.0142301 0.998279
44 0.0314515 0.0097084 -2.53279 -0.00215682 0.0603617 0.0156552 0.998051
45 0.0323503 0.00927877 -2.53357 -0.00252373 0.0636793 0.0167831 0.997826
46 0.0334685 0.00767922 -2.53417 -0.00365745 0.0670475 0.0175049 0.99759
47 0.034713 0.00696993 -2.53438 -0.00419509 0.0705565 0.0180721 0.997335
48 0.0354528 0.00875044 -2.53597 -0.0035424 0.0739649 0.0189561 0.997074
49 0.0321717 0.00719976 -2.53773 -0.0045688 0.0781196 0.0193852 0.996745
50 0.0315526 0.00425005 -2.5375 -0.00577816 0.0819121 0.0200271 0.996422
51 0.0316174 0.00584006 -2.53802 -0.00480272 0.0854824 0.0204653 0.996118
52 0.0318248 0.00888085 -2.53989 -0.00396143 0.0888367 0.0207946 0.995821
53 0.0318892 0.00802016 -2.53998 -0.00477215 0.092774 0.0216101 0.995441
54 0.0323911 0.00655031 -2.54031 -0.00524523 0.0964553 0.022219 0.995075
55 0.0332825 0.00717115 -2.54124 -0.00493828 0.09986 0.0229527 0.994725
56 0.0334475 0.00908184 -2.54313 -0.00470198 0.103463 0.0237589 0.994338
57 0.0357687 0.00819302 -2.54309 -0.00571996 0.106977 0.0253091 0.993923
58 0.0381801 0.00650334 -2.5439 -0.00628501 0.110449 0.026905 0.993498
59 0.0403249 0.00955462 -2.54598 -0.00538113 0.114095 0.0279913 0.993061
60 0.0400494 0.0113347 -2.54736 -0.00531391 0.118523 0.0286136 0.992525
61 0.0412437 0.0105944 -2.54738 -0.00590068 0.122519 0.0296731 0.992005
62 0.0454063 0.00972605 -2.54771 -0.0060716 0.125519 0.0306822 0.991598
63 0.0469248 0.0125773 -2.55066 -0.0051899 0.129231 0.0311341 0.991112
64 0.0474585 0.0118773 -2.55098 -0.00597308 0.13351 0.0317584 0.99052
65 0.0454668 0.0149169 -2.55261 -0.00544112 0.137785 0.031768 0.989938
66 0.0454918 0.0159771 -2.55417 -0.00646908 0.14138 0.0327787 0.989391
67 0.0488107 0.0178082 -2.55471 -0.007415 0.144592 0.0340875 0.988876
68 0.0496639 0.0174391 -2.55587 -0.00836023 0.148516 0.035039 0.988254
69 0.0512669 0.0165806 -2.55665 -0.0093097 0.15191 0.0361975 0.987687
70 0.0528764 0.0162513 -2.55811 -0.0100996 0.155 0.0373547 0.987156
71 0.0538771 0.0165217 -2.55902 -0.0104924 0.158304 0.0383309 0.98659
72 0.0555143 0.0149426 -2.56081 -0.0109393 0.161457 0.0395214 0.986027
73 0.0566403 0.0152235 -2.56317 -0.0110936 0.16498 0.0411793 0.985375
74 0.0602213 0.0153849 -2.56443 -0.0117888 0.168097 0.0423793 0.984789
75 0.062373 0.0144563 -2.56594 -0.0125291 0.171916 0.0433906 0.984076
76 0.0640939 0.0141373 -2.56701 -0.0127776 0.176059 0.0444469 0.983293
77 0.0660028 0.0157981 -2.56972 -0.0122024 0.179814 0.0447476 0.982607
78 0.0683248 0.0149391 -2.57042 -0.0127133 0.183737 0.0457918 0.981826
79 0.0707517 0.01525 -2.57267 -0.0127166 0.187445 0.0463474 0.981099
80 0.0742906 0.0162213 -2.5741 -0.0129531 0.191375 0.0467889 0.980316
81 0.0768371 0.0172126 -2.57604 -0.0131878 0.195604 0.0470605 0.979464
82 0.0779077 0.0173731 -2.57787 -0.0140316 0.199937 0.0476317 0.97855
83 0.0819236 0.0175946 -2.58002 -0.0153387 0.203111 0.04802 0.977857
84 0.0888057 0.015377 -2.58031 -0.0166509 0.205757 0.0481831 0.977274
85 0.0903809 0.0137484 -2.58217 -0.0166172 0.209235 0.0470909 0.976589
86 0.0917138 0.0141294 -2.58439 -0.0161788 0.212595 0.0462394 0.975912
87 0.0951811 0.0122004 -2.58513 -0.0164648 0.215632 0.0458418 0.975259
88 0.0970061 0.0120113 -2.58624 -0.0159148 0.219218 0.0463245 0.974445
89 0.0988393 0.0119219 -2.58757 -0.0158726 0.22243 0.0464937 0.97371
90 0.102893 0.0118437 -2.58844 -0.0158878 0.225208 0.0477209 0.973012
91 0.108972 0.0101061 -2.58862 -0.0160393 0.227307 0.0493574 0.972439
92 0.11426 0.00751853 -2.58979 -0.0159362 0.229584 0.0504187 0.971851
93 0.11971 0.00803018 -2.59172 -0.0149349 0.232124 0.0499573 0.971288
94 0.123591 0.00799203 -2.59368 -0.0141717 0.235717 0.0497577 0.970444
95 0.128417 0.00881386 -2.59529 -0.0135836 0.239034 0.0490758 0.969675
96 0.133509 0.00776601 -2.59759 -0.0141713 0.241683 0.049239 0.969002
97 0.139048 0.00767803 -2.59834 -0.014387 0.24395 0.0490892 0.968438
98 0.144423 0.00802064 -2.59979 -0.0141095 0.246148 0.0479872 0.967941
99 0.149331 0.00766253 -2.60029 -0.0144076 0.248663 0.0477483 0.967305
100 0.154985 0.00616479 -2.60131 -0.014778 0.250328 0.0470265 0.966905
101 0.15799 0.0065062 -2.60284 -0.0144366 0.252155 0.0459086 0.966489
102 0.163316 0.00420904 -2.60242 -0.0153282 0.253143 0.0457557 0.966225
103 0.170222 0.00243187 -2.60291 -0.0156456 0.25331 0.0455605 0.966185
104 0.17458 0.00150371 -2.60314 -0.0154347 0.254223 0.0447824 0.965985
105 0.179216 0.00266528 -2.60486 -0.0149198 0.254601 0.0436433 0.965946
106 0.184424 0.00322771 -2.6057 -0.014927 0.255131 0.0433515 0.965819
107 0.190174 0.00305009 -2.60689 -0.0148869 0.255273 0.0428065 0.965806
108 0.201497 0.00327492 -2.60856 -0.0160647 0.255313 0.0432177 0.965759
109 0.209544 0.00261807 -2.60899 -0.0167972 0.25449 0.0441041 0.965923
110 0.216068 0.00320053 -2.61011 -0.0164542 0.254406 0.0442054 0.965946
111 0.219926 0.00606251 -2.61196 -0.0159052 0.254816 0.0447366 0.965823
112 0.22591 0.00648499 -2.61234 -0.0169025 0.254479 0.0447451 0.965895
113 0.233127 0.00650764 -2.61292 -0.017882 0.254473 0.0452598 0.965855
114 0.239753 0.00784969 -2.61384 -0.0184832 0.255065 0.0458688 0.965658
115 0.244934 0.00986171 -2.61502 -0.0190273 0.256356 0.0461439 0.965293
116 0.249787 0.0115738 -2.61591 -0.020274 0.257845 0.0471447 0.964822
117 0.255826 0.011606 -2.61625 -0.0226863 0.259024 0.0483383 0.964394
118 0.265116 0.0112092 -2.61506 -0.0245763 0.25978 0.0498932 0.964065
119 0.272525 0.0099318 -2.61421 -0.025449 0.260835 0.0499911 0.963752
120 0.278096 0.0107646 -2.6154 -0.0254509 0.262799 0.049159 0.963261
121 0.283947 0.0102863 -2.61593 -0.0265595 0.265234 0.0482702 0.962609
122 0.291307 0.00859857 -2.61481 -0.0277367 0.267579 0.0483675 0.961921
123 0.295385 0.00758982 -2.61292 -0.0274717 0.270759 0.0481475 0.96105
124 0.297524 0.00778055 -2.61225 -0.0269079 0.273985 0.0474126 0.960188
125 0.303604 0.00773287 -2.61125 -0.0277322 0.275593 0.0479239 0.959679
126 0.310272 0.00783491 -2.60993 -0.0282897 0.276956 0.0482569 0.959253
127 0.318031 0.00695705 -2.60781 -0.0288283 0.278416 0.0490161 0.958776
128 0.325289 0.00612974 -2.60559 -0.02803 0.280141 0.0496971 0.958262
129 0.329598 0.00557065 -2.60414 -0.0268735 0.282323 0.0493977 0.95767
130 0.333956 0.00605202 -2.60221 -0.0261241 0.284128 0.0478152 0.957237
131 0.341024 0.00562477 -2.59976 -0.0261112 0.285229 0.0473281 0.956934
132 0.347972 0.00497723 -2.59689 -0.0256081 0.286238 0.047253 0.95665
133 0.35366 0.00514936 -2.59525 -0.0251081 0.287625 0.0454893 0.956333
134 0.360039 0.00424123 -2.59309 -0.0264546 0.289201 0.0442788 0.955878
135 0.369347 -0.000725746 -2.58899 -0.0277723 0.289859 0.0457621 0.955571
136 0.372696 -0.00341463 -2.58653 -0.0258481 0.29089 0.044863 0.955354
137 0.375124 -0.00272441 -2.58469 -0.0243657 0.29135 0.0430369 0.955337
138 0.381041 -0.00323248 -2.58134 -0.024493 0.290785 0.0429344 0.955511
139 0.386618 -0.00407124 -2.57788 -0.0242821 0.290411 0.0432516 0.955616
140 0.392406 -0.00465941 -2.5746 -0.0239048 0.289747 0.0431255 0.955832
141 0.399723 -0.0049572 -2.57108 -0.0233734 0.288928 0.042708 0.956112
142 0.40569 -0.00638556 -2.56756 -0.0229684 0.288971 0.0420537 0.956138
143 0.409678 -0.00647426 -2.56463 -0.0225139 0.2892 0.0406592 0.95614
144 0.414985 -0.00687242 -2.56109 -0.0232065 0.288951 0.0401748 0.956219
145 0.421461 -0.00791049 -2.55695 -0.023676 0.288651 0.0405445 0.956282
146 0.427739 -0.0105495 -2.55282 -0.0234929 0.287849 0.0404603 0.956532
147 0.430586 -0.0103788 -2.5497 -0.02244 0.28788 0.0389428 0.956611
148 0.434473 -0.00999808 -2.54675 -0.0225077 0.287346 0.0385852 0.956785
149 0.43977 -0.0121164 -2.54263 -0.023702 0.286081 0.0397343 0.957088
150 0.445068 -0.0134346 -2.5394 -0.0239689 0.284697 0.0406228 0.957457
151 0.453892 -0.0130424 -2.53323 -0.0238043 0.283372 0.0417809 0.957804
152 0.459079 -0.0135906 -2.52961 -0.0234235 0.282767 0.0432025 0.957929
153 0.463197 -0.0146892 -2.52625 -0.0228692 0.282774 0.043048 0.957947
154 0.466054 -0.014699 -2.52343 -0.0223977 0.282621 0.0420647 0.958047
155 0.471921 -0.0158074 -2.51961 -0.0229267 0.281521 0.0407747 0.958414
156 0.476338 -0.016736 -2.51558 -0.0224785 0.28141 0.0395029 0.958511
157 0.479415 -0.0174456 -2.51172 -0.0219314 0.281104 0.0382538 0.958664
158 0.484381 -0.0189841 -2.50708 -0.0219687 0.279992 0.0365974 0.959053
159 0.493344 -0.0217328 -2.49735 -0.0207776 0.278171 0.0344768 0.959688
160 0.49614 -0.0233417 -2.49279 -0.0199433 0.27738 0.0328784 0.95999
161 0.499636 -0.0249908 -2.48752 -0.0194908 0.275707 0.0322592 0.960503
162 0.504141 -0.0255604 -2.48196 -0.0186909 0.273185 0.0309913 0.961281
163 0.509457 -0.0255692 -2.47638 -0.0180381 0.270645 0.0296798 0.962053
164 0.515302 -0.0276175 -2.47029 -0.0178144 0.268393 0.0284614 0.962724
165 0.520727 -0.0303762 -2.46406 -0.0173415 0.266181 0.0268613 0.963393
166 0.523723 -0.031776 -2.45844 -0.0159481 0.264144 0.0247086 0.964035
167 0.528588 -0.0334947 -2.45236 -0.015471 0.261309 0.023542 0.964844
168 0.534543 -0.0366335 -2.44503 -0.0153911 0.258368 0.0227149 0.965657
169 0.538488 -0.0376034 -2.43932 -0.0144354 0.255797 0.0212752 0.966389
170 0.544823 -0.0395522 -2.43226 -0.0146722 0.253278 0.0211747 0.967051
171 0.550277 -0.041321 -2.42524 -0.0133584 0.251237 0.021101 0.967603
172 0.552933 -0.0412605 -2.4203 -0.011341 0.24958 0.0209016 0.968062
173 0.558608 -0.0427098 -2.41359 -0.0115706 0.247273 0.0216638 0.968634
174 0.565172 -0.0451581 -2.40642 -0.011623 0.24501 0.0221407 0.969198
175 0.569757 -0.0468276 -2.39965 -0.0103797 0.243545 0.0220013 0.969584
176 0.572992 -0.0468473 -2.39409 -0.00845845 0.242076 0.01997 0.970015
177 0.575917 -0.0470276 -2.38876 -0.00801997 0.240699 0.0181534 0.970397
178 0.580012 -0.0487766 -2.38246 -0.00891619 0.238746 0.0179357 0.970875
179 0.584337 -0.0496962 -2.37616 -0.00875647 0.23594 0.0173026 0.971574
180 0.586972 -0.0501962 -2.37005 -0.00823013 0.233435 0.0171648 0.972186
181 0.590997 -0.0514553 -2.36401 -0.00823287 0.22996 0.016887 0.973019
182 0.594652 -0.0529246 -2.35745 -0.00817134 0.22638 0.0167719 0.97386
183 0.598477 -0.0534043 -2.35211 -0.00734712 0.222879 0.0160551 0.974686
184 0.601084 -0.0531433 -2.34777 -0.00681276 0.219872 0.0154227 0.975383
185 0.604838 -0.0542431 -2.34128 -0.00732892 0.21711 0.0151456 0.976002
186 0.608244 -0.055023 -2.33619 -0.00688058 0.214519 0.0140919 0.976594
187 0.61107 -0.0556328 -2.33154 -0.00628505 0.212389 0.0138501 0.977067
188 0.613236 -0.0555422 -2.32709 -0.00578626 0.210248 0.0135977 0.977536
189 0.616752 -0.0559824 -2.32151 -0.00559547 0.207814 0.0142529 0.978049
190 0.619347 -0.057302 -2.31588 -0.00547571 0.206079 0.0136605 0.978425
191 0.621232 -0.0583618 -2.31015 -0.00503727 0.204894 0.01344 0.978679
192 0.624933 -0.0596023 -2.29968 -0.00297812 0.202405 0.0131263 0.979209
193 0.627419 -0.0612419 -2.29372 -0.00298889 0.200882 0.013158 0.979523
194 0.630618 -0.0622523 -2.28122 -0.00170867 0.199413 0.0132835 0.979824
195 0.630833 -0.0616333 -2.27544 -0.000912052 0.199318 0.0125196 0.979854
196 0.632577 -0.0621536 -2.2686 -0.00129074 0.19864 0.0128439 0.979988
197 0.633961 -0.0625939 -2.26124 -0.000947447 0.197891 0.0127278 0.980141
198 0.634055 -0.0620949 -2.25455 -0.000185119 0.197768 0.0119091 0.980177
199 0.635459 -0.0627153 -2.24726 -0.000484729 0.197706 0.011486 0.980194
200 0.637012 -0.0626156 -2.23966 0.000251603 0.198272 0.0112272 0.980083
201 0.636776 -0.0628672 -2.23295 0.00102147 0.199862 0.0109737 0.979762
202 0.6366 -0.0630684 -2.22602 0.00145424 0.201542 0.0108087 0.979419
203 0.636614 -0.0639796 -2.21905 0.000982621 0.203027 0.0113342 0.979107
204 0.637288 -0.0650606 -2.21137 0.000361669 0.20425 0.0127814 0.978835
205 0.637661 -0.0663621 -2.20339 -0.00020737 0.20555 0.0140979 0.978545
206 0.638194 -0.067863 -2.19497 -0.00014064 0.206459 0.0149517 0.978341
207 0.637938 -0.0697949 -2.18723 0.000193287 0.207162 0.0160414 0.978175
208 0.638012 -0.0707157 -2.17949 0.000950396 0.207212 0.0167974 0.978151
209 0.638445 -0.0717065 -2.17147 0.00115727 0.207332 0.0171046 0.97812
210 0.638688 -0.0730281 -2.16334 0.00176852 0.208346 0.0179819 0.977888
211 0.637981 -0.0741093 -2.15528 0.0026666 0.210015 0.0186724 0.977516
212 0.637045 -0.07534 -2.1478 0.00347389 0.211904 0.0192903 0.977094
213 0.636479 -0.0767212 -2.14043 0.00382233 0.213505 0.0201378 0.976727
214 0.636533 -0.0788119 -2.13247 0.00363955 0.214783 0.0206437 0.976437
215 0.636907 -0.0803335 -2.12437 0.00446992 0.215815 0.020099 0.976217
216 0.636081 -0.081445 -2.11729 0.00595858 0.21751 0.0194157 0.975847
217 0.634875 -0.0824864 -2.1104 0.00687153 0.219701 0.0186469 0.975365
218 0.63293 -0.0832181 -2.10375 0.0076036 0.221955 0.0179752 0.974862
219 0.630634 -0.0834696 -2.09757 0.00763435 0.223934 0.017559 0.974416
220 0.630808 -0.0850213 -2.08963 0.00673776 0.224872 0.0177687 0.974203
221 0.629702 -0.0855227 -2.08258 0.00720942 0.225798 0.0173069 0.973994
222 0.627826 -0.0854943 -2.0763 0.00739203 0.226661 0.0173547 0.973791
223 0.6267 -0.0858757 -2.06942 0.00648366 0.227015 0.0176991 0.973709
224 0.626544 -0.0869572 -2.06183 0.00545208 0.226383 0.0182642 0.973852
225 0.627321 -0.0884693 -2.0471 0.00481808 0.224373 0.018512 0.974316
226 0.627465 -0.0899103 -2.03995 0.0050573 0.224115 0.0184436 0.974375
227 0.625831 -0.0908923 -2.03397 0.00524905 0.224477 0.018856 0.974283
228 0.626005 -0.091953 -2.02651 0.00485288 0.223922 0.0203732 0.974382
229 0.626509 -0.0927536 -2.01963 0.00536809 0.222867 0.0212883 0.974602
230 0.626088 -0.0937452 -2.00716 0.0043168 0.222097 0.0205173 0.974799
231 0.626572 -0.0954759 -1.9991 0.00335028 0.221003 0.0198776 0.975065
232 0.627155 -0.0972767 -1.99091 0.00395281 0.219032 0.0187887 0.975529
233 0.626619 -0.0991275 -1.98357 0.0053316 0.217083 0.0177926 0.975976
234 0.626653 -0.0999987 -1.97616 0.00740638 0.214583 0.0168572 0.976532
235 0.627738 -0.100509 -1.9696 0.0094646 0.212151 0.0161416 0.977058
236 0.628302 -0.10235 -1.96213 0.0103418 0.210789 0.0147352 0.977366
237 0.628835 -0.103521 -1.95486 0.0111303 0.209794 0.0137784 0.977585
238 0.6301 -0.105121 -1.94762 0.0112737 0.208791 0.0124331 0.977816
239 0.629914 -0.105792 -1.94128 0.0114494 0.208798 0.011484 0.977824
240 0.628719 -0.106853 -1.93484 0.0100911 0.209172 0.0113908 0.97776
241 0.629552 -0.108424 -1.92671 0.00770417 0.208529 0.0125977 0.977905
242 0.631575 -0.110065 -1.91751 0.00605159 0.207272 0.012872 0.97818
243 0.632518 -0.112546 -1.9094 0.00556688 0.206138 0.0128863 0.978422
244 0.632523 -0.113097 -1.90291 0.005815 0.20505 0.0123995 0.978656
245 0.633667 -0.114968 -1.89502 0.00496964 0.203911 0.0123839 0.978898
246 0.63382 -0.116709 -1.88718 0.00513144 0.203149 0.012534 0.979054
247 0.633795 -0.11875 -1.88038 0.00520184 0.202145 0.0132528 0.979252
248 0.634789 -0.119491 -1.87313 0.00531452 0.200965 0.0131793 0.979495
249 0.635183 -0.120742 -1.86585 0.00596885 0.200259 0.0129532 0.979639
250 0.634928 -0.121273 -1.85965 0.0071285 0.198907 0.0125248 0.979912
251 0.635322 -0.122374 -1.85309 0.00759805 0.19701 0.012509 0.980292
252 0.635537 -0.123564 -1.84667 0.00831485 0.195255 0.0122312 0.980641
253 0.635812 -0.124825 -1.84028 0.00901036 0.193277 0.0129448 0.981017
254 0.635437 -0.125997 -1.83403 0.00926698 0.191577 0.0127428 0.981351
255 0.634792 -0.126637 -1.82878 0.00889551 0.189864 0.0115995 0.981702
256 0.634268 -0.127978 -1.82277 0.00731132 0.188141 0.010041 0.982064
257 0.634502 -0.129319 -1.8162 0.00591332 0.186285 0.00887994 0.982438
258 0.634068 -0.13021 -1.81073 0.00524925 0.184886 0.0073136 0.982719
259 0.632534 -0.131322 -1.80562 0.00364835 0.183728 0.0060274 0.982952
260 0.631818 -0.132593 -1.79906 0.00179861 0.181956 0.00560383 0.983289
261 0.632453 -0.133564 -1.79274 0.000676468 0.17954 0.00565952 0.983734
262 0.632177 -0.134645 -1.78618 -7.63296e-05 0.177777 0.00568836 0.984054
263 0.631163 -0.135006 -1.7807 -8.07553e-05 0.175449 0.00502175 0.984476
264 0.630308 -0.135297 -1.77549 -0.000566103 0.173036 0.00460322 0.984905
265 0.630843 -0.136078 -1.76955 -0.00153883 0.170813 0.00441247 0.985292
266 0.630338 -0.137039 -1.76368 -0.00255001 0.169458 0.00389833 0.985527
267 0.629623 -0.13852 -1.75731 -0.00363857 0.168113 0.00329 0.985755
268 0.628518 -0.139102 -1.75108 -0.00391953 0.166911 0.002484 0.985961
269 0.627193 -0.140763 -1.74494 -0.00473083 0.166078 0.00186984 0.986099
270 0.625828 -0.142094 -1.73823 -0.00511118 0.16506 0.00139935 0.986269
271 0.623973 -0.143337 -1.73201 -0.0049004 0.164124 0.00140058 0.986427
272 0.621477 -0.143568 -1.726 -0.00426845 0.163617 0.0015983 0.986513
273 0.620492 -0.14495 -1.71899 -0.00398562 0.162737 0.00200291 0.986659
274 0.618787 -0.147291 -1.71258 -0.00332896 0.162321 0.00257435 0.986729
275 0.616342 -0.146713 -1.7074 -0.00265863 0.162498 0.00305968 0.986701
276 0.616106 -0.148134 -1.69991 -0.00274221 0.162612 0.00378291 0.986679
277 0.612671 -0.148856 -1.69408 -0.00161505 0.163741 0.00378765 0.986495
278 0.609496 -0.148958 -1.68798 -0.00159599 0.164143 0.00342233 0.986429
279 0.60784 -0.15062 -1.68082 -0.00223441 0.164364 0.00332825 0.986392
280 0.606435 -0.153131 -1.67455 -0.00294078 0.164432 0.00350956 0.986378
281 0.60413 -0.153803 -1.66885 -0.0029089 0.16516 0.00380569 0.986255
282 0.601996 -0.155895 -1.66258 -0.004082 0.166042 0.0041476 0.986102
283 0.59864 -0.157647 -1.65536 -0.00452553 0.166828 0.00450989 0.985965
284 0.595475 -0.158039 -1.64949 -0.00398301 0.166845 0.00476523 0.985964
285 0.59634 -0.16017 -1.64239 -0.00398422 0.166046 0.00608946 0.986091
286 0.594625 -0.162381 -1.63649 -0.00136984 0.166767 0.00646429 0.985974
287 0.589882 -0.162944 -1.63215 0.000843474 0.168286 0.00664102 0.985715
288 0.586137 -0.161976 -1.62738 0.00177639 0.168738 0.00698336 0.985635
289 0.584262 -0.162597 -1.62146 0.00102786 0.168439 0.00662086 0.985689
290 0.582668 -0.164298 -1.61585 0.000528727 0.168083 0.00640865 0.985752
291 0.580633 -0.16468 -1.61071 0.000933397 0.167977 0.00622631 0.985771
292 0.57952 -0.166141 -1.60632 0.000418606 0.167446 0.00614993 0.985862
293 0.576856 -0.165683 -1.60202 0.000265524 0.167499 0.0052694 0.985858
294 0.576032 -0.166263 -1.59676 -0.0011442 0.166621 0.00420884 0.986011
295 0.574437 -0.166735 -1.59152 -0.00217147 0.165753 0.00229831 0.986162
296 0.571603 -0.166907 -1.58664 -0.00358599 0.165096 3.74799e-05 0.986271
297 0.569748 -0.166868 -1.58059 -0.00558752 0.163239 -0.00165099 0.986569
298 0.568603 -0.16677 -1.57495 -0.00708601 0.160745 -0.00260773 0.986967
299 0.567528 -0.166501 -1.56963 -0.00903332 0.158267 -0.0035771 0.987348
300 0.567002 -0.167061 -1.56301 -0.011511 0.155714 -0.00428726 0.987726
301 0.566667 -0.167332 -1.55701 -0.0128675 0.153113 -0.00471377 0.988114
302 0.565392 -0.166943 -1.55176 -0.0140864 0.150672 -0.00521178 0.98847
303 0.564747 -0.167614 -1.5451 -0.0162958 0.147873 -0.00571744 0.988856
304 0.564191 -0.168225 -1.53842 -0.0171376 0.145213 -0.00561387 0.989236
305 0.562496 -0.168926 -1.53226 -0.0179416 0.142332 -0.00572739 0.98964
306 0.56126 -0.170197 -1.52552 -0.0189583 0.138624 -0.00619274 0.990144
307 0.560704 -0.170768 -1.51868 -0.0191593 0.1348 -0.00717067 0.990662
308 0.559879 -0.171259 -1.51224 -0.0191308 0.13106 -0.00807535 0.991157
309 0.559273 -0.17315 -1.50524 -0.0192628 0.127607 -0.00961485 0.991591
310 0.558538 -0.17478 -1.49814 -0.0182959 0.12452 -0.0116452 0.99198
311 0.558003 -0.174121 -1.49271 -0.0165465 0.121297 -0.0131266 0.992391
312 0.557397 -0.174943 -1.48596 -0.0165039 0.117849 -0.0142199 0.992792
313 0.556422 -0.175784 -1.47952 -0.0158258 0.114641 -0.0151514 0.993165
314 0.555677 -0.176485 -1.47377 -0.0161351 0.111477 -0.0157654 0.993511
315 0.556372 -0.176125 -1.46815 -0.0165511 0.108381 -0.0156027 0.993849
316 0.555986 -0.176906 -1.46198 -0.0180942 0.10655 -0.0153098 0.994025
317 0.555801 -0.177956 -1.45587 -0.019699 0.105216 -0.0147188 0.994145
318 0.554186 -0.179788 -1.44884 -0.0206136 0.104176 -0.0152464 0.994228
319 0.552711 -0.180599 -1.4426 -0.0200539 0.101814 -0.0163441 0.994467
320 0.551535 -0.18213 -1.43607 -0.019733 0.0982703 -0.0180157 0.994801
321 0.55084 -0.183792 -1.4297 -0.0191077 0.0941394 -0.0194549 0.995186
322 0.550146 -0.184923 -1.42401 -0.0181375 0.0898733 -0.0212774 0.995561
323 0.549421 -0.185214 -1.41897 -0.0172249 0.0857079 -0.0229513 0.995907
324 0.549327 -0.185674 -1.41379 -0.0173481 0.08155 -0.0247439 0.996211
325 0.548662 -0.186305 -1.40797 -0.0181295 0.0776673 -0.0264259 0.996464
326 0.546361 -0.189768 -1.39409 -0.0189702 0.0686901 -0.030677 0.996986
327 0.545186 -0.190409 -1.38835 -0.0180661 0.0635166 -0.0328126 0.997278
328 0.543761 -0.19119 -1.38258 -0.0171605 0.0584427 -0.0341962 0.997557
329 0.542967 -0.191481 -1.37722 -0.0162005 0.0530124 -0.0352564 0.99784
330 0.542482 -0.191552 -1.37219 -0.0153996 0.0474333 -0.0363334 0.998095
331 0.541787 -0.192573 -1.36652 -0.0152521 0.0418391 -0.0369899 0.998323
332 0.541173 -0.193603 -1.361 -0.0148297 0.0363898 -0.0377648 0.998514
333 0.540819 -0.193794 -1.35645 -0.0139754 0.0310725 -0.0388473 0.998664
334 0.539374 -0.195845 -1.35013 -0.014153 0.0258124 -0.0404075 0.99875
335 0.53785 -0.196586 -1.34552 -0.0125763 0.0205831 -0.0421121 0.998822
336 0.536807 -0.196307 -1.34161 -0.0111764 0.0153662 -0.0441662 0.998843
337 0.534483 -0.196599 -1.33753 -0.0111033 0.0106905 -0.0465648 0.998796
338 0.533189 -0.19792 -1.33201 -0.0117673 0.00593869 -0.0487251 0.998725
339 0.530175 -0.198282 -1.32783 -0.0117523 0.00199153 -0.0509138 0.998632
340 0.527691 -0.199164 -1.32257 -0.0123689 -0.00225196 -0.0527726 0.998527
341 0.525237 -0.200785 -1.31674 -0.0126846 -0.0066433 -0.054351 0.998419
342 0.522332 -0.203237 -1.31068 -0.0122158 -0.0112893 -0.056204 0.998281
343 0.519649 -0.204659 -1.30628 -0.0104297 -0.0165388 -0.0575472 0.998151
344 0.518545 -0.204121 -1.30266 -0.00816648 -0.0218493 -0.0587497 0.998
345 0.516783 -0.204472 -1.29964 -0.00756304 -0.0256641 -0.0599095 0.997845
346 0.514179 -0.204183 -1.29547 -0.00807387 -0.0292058 -0.0615061 0.997647
347 0.511065 -0.204684 -1.29068 -0.00903277 -0.0326867 -0.0633618 0.997414
348 0.506911 -0.205147 -1.28545 -0.00970967 -0.0360446 -0.065046 0.997184
349 0.502926 -0.206139 -1.28002 -0.00941752 -0.039671 -0.0667951 0.996933
350 0.499262 -0.207341 -1.27539 -0.00846612 -0.0430832 -0.0681357 0.996709
351 0.49552 -0.207193 -1.27257 -0.00687286 -0.0466343 -0.0692573 0.996485
352 0.492586 -0.206605 -1.26852 -0.0063226 -0.051189 -0.0701149 0.996205
353 0.488511 -0.208237 -1.26205 -0.00641318 -0.0555191 -0.0712413 0.995892
354 0.484508 -0.208879 -1.2583 -0.0047646 -0.0593464 -0.0718342 0.995638
355 0.480325 -0.208951 -1.25496 -0.00353444 -0.0633623 -0.072584 0.995341
356 0.475261 -0.209874 -1.25039 -0.00313931 -0.0667993 -0.0733562 0.995061
357 0.471588 -0.209986 -1.2464 -0.00274532 -0.0698716 -0.0730926 0.994871
358 0.465604 -0.212389 -1.24123 -0.00353568 -0.0712774 -0.0733462 0.99475
359 0.454918 -0.214634 -1.23292 -0.00249658 -0.0753596 -0.074491 0.994367
360 0.448274 -0.217947 -1.22694 -0.00239928 -0.0777866 -0.0748654 0.994152
361 0.436939 -0.217572 -1.22238 0.00323078 -0.0823783 -0.0750348 0.993767
362 0.433077 -0.216804 -1.21953 0.00367691 -0.0845389 -0.0753187 0.993563
363 0.427983 -0.217156 -1.21538 0.00286725 -0.0856621 -0.0752791 0.993472
364 0.42244 -0.217259 -1.21183 0.00268456 -0.0870941 -0.0752726 0.993349
365 0.411323 -0.221435 -1.20187 0.00115121 -0.0900049 -0.0751551 0.993101
366 0.40477 -0.224288 -1.19829 0.0021463 -0.0920065 -0.0754748 0.992892
367 0.398718 -0.22472 -1.1955 0.00512331 -0.0946298 -0.0754505 0.992636
368 0.392977 -0.223352 -1.19438 0.00868406 -0.096954 -0.0752743 0.9924
369 0.387605 -0.222414 -1.19315 0.00959524 -0.0987908 -0.0750145 0.99223
370 0.381322 -0.223917 -1.18858 0.00838032 -0.100635 -0.0754673 0.992022
371 0.375429 -0.225139 -1.18498 0.00844599 -0.102385 -0.0762392 0.991783
372 0.368817 -0.226082 -1.18183 0.00900628 -0.103754 -0.0770958 0.99157
373 0.361275 -0.227026 -1.17957 0.00972691 -0.105225 -0.0783983 0.991306
374 0.354294 -0.226709 -1.17853 0.0104557 -0.106652 -0.0791666 0.991085
375 0.34815 -0.226391 -1.17477 0.0103055 -0.108883 -0.0791262 0.990847
376 0.334106 -0.227047 -1.16954 0.00963559 -0.113894 -0.0782658 0.990358
377 0.327994 -0.22733 -1.16661 0.00958308 -0.117163 -0.0778944 0.990007
378 0.322901 -0.227032 -1.16432 0.00960409 -0.120364 -0.0777413 0.989635
379 0.317859 -0.226185 -1.16157 0.00938357 -0.123336 -0.0783664 0.989221
380 0.312356 -0.227158 -1.15729 0.00888572 -0.126762 -0.079873 0.988672
381 0.305454 -0.227051 -1.15643 0.00972534 -0.129309 -0.0813957 0.98821
382 0.299653 -0.227043 -1.15429 0.00917628 -0.133361 -0.08298 0.987545
383 0.2938 -0.227945 -1.15036 0.00854143 -0.137949 -0.0845834 0.986784
384 0.288398 -0.228058 -1.1481 0.00928761 -0.142286 -0.0854465 0.986087
385 0.283396 -0.2282 -1.14567 0.00944303 -0.14639 -0.0860063 0.985436
386 0.278993 -0.228802 -1.14268 0.00939282 -0.150649 -0.08715 0.984694
387 0.274601 -0.229384 -1.13982 0.00923992 -0.154949 -0.0882233 0.983932
388 0.269179 -0.230316 -1.13679 0.00881159 -0.158775 -0.0892958 0.983229
389 0.263706 -0.230599 -1.13431 0.00915348 -0.163133 -0.0906884 0.982385
390 0.259044 -0.23087 -1.1316 0.00906961 -0.16796 -0.0911536 0.981529
391 0.254371 -0.231453 -1.12788 0.00907428 -0.172939 -0.0923833 0.980548
392 0.249689 -0.231285 -1.12554 0.00971677 -0.177311 -0.09248 0.979752
393 0.245154 -0.231436 -1.12289 0.00907362 -0.18202 -0.0928519 0.978859
394 0.240596 -0.231949 -1.1183 0.00826931 -0.187128 -0.093529 0.977838
395 0.235626 -0.233131 -1.11447 0.00836084 -0.191748 -0.0939797 0.976899
396 0.231393 -0.232663 -1.11243 0.00939032 -0.19544 -0.0942946 0.976127
397 0.227757 -0.233035 -1.10722 0.00914723 -0.199956 -0.0946188 0.975183
398 0.222253 -0.234257 -1.10456 0.0095831 -0.203095 -0.0956091 0.974433
399 0.218606 -0.233479 -1.1019 0.0104605 -0.207404 -0.0960098 0.973476
400 0.214557 -0.23294 -1.0987 0.00999094 -0.211142 -0.096444 0.972634
401 0.210502 -0.233333 -1.09379 0.00876945 -0.214914 -0.0972592 0.971738
402 0.206248 -0.233765 -1.0894 0.0084146 -0.218247 -0.0976656 0.970958
403 0.201474 -0.233577 -1.08619 0.00866192 -0.221548 -0.0978182 0.970192
404 0.197673 -0.233119 -1.08313 0.00826239 -0.225061 -0.0982115 0.969347
405 0.193263 -0.233941 -1.07709 0.00702145 -0.229436 -0.0996449 0.968184
406 0.188055 -0.235424 -1.07316 0.00713025 -0.232805 -0.100757 0.967264
407 0.184234 -0.235926 -1.06978 0.00779482 -0.236621 -0.101969 0.966205
408 0.179401 -0.236678 -1.06492 0.00825378 -0.240262 -0.103205 0.965171
409 0.175753 -0.23703 -1.06203 0.00922514 -0.243408 -0.103702 0.96432
410 0.171635 -0.237262 -1.05966 0.00892448 -0.245582 -0.104153 0.963723
411 0.167572 -0.237314 -1.05579 0.00753685 -0.249078 -0.104705 0.962777
412 0.163179 -0.238396 -1.05067 0.00628665 -0.252954 -0.106229 0.961608
413 0.158576 -0.239598 -1.04683 0.00594911 -0.256458 -0.107618 0.960527
414 0.154013 -0.24127 -1.04201 0.00592007 -0.26077 -0.109295 0.959176
415 0.149997 -0.242212 -1.03905 0.00681588 -0.264579 -0.110271 0.958014
416 0.146453 -0.242663 -1.03622 0.00708412 -0.268292 -0.111277 0.956863
417 0.138527 -0.243817 -1.02948 0.00480181 -0.276272 -0.112221 0.954493
418 0.134113 -0.24492 -1.02473 0.00351347 -0.281875 -0.113048 0.952762
419 0.12988 -0.246192 -1.02031 0.00313044 -0.287593 -0.113825 0.95096
420 0.126116 -0.246735 -1.01639 0.00373819 -0.293582 -0.114404 0.949056
421 0.122449 -0.246946 -1.01273 0.00409502 -0.299478 -0.115394 0.94709
422 0.119035 -0.247048 -1.00878 0.00434849 -0.304915 -0.117013 0.945154
423 0.110627 -0.248712 -1.00161 0.00573629 -0.314336 -0.120812 0.941576
424 0.107279 -0.249404 -0.998843 0.00642135 -0.319654 -0.122135 0.939608
425 0.103166 -0.250607 -0.995037 0.00686807 -0.325326 -0.123998 0.937411
426 0.0991445 -0.251928 -0.99165 0.00819552 -0.330964 -0.125398 0.935238
427 0.0954523 -0.2534 -0.988604 0.00990656 -0.33673 -0.126544 0.933007
428 0.0917068 -0.253692 -0.986717 0.0115879 -0.342287 -0.127253 0.930866
429 0.0880756 -0.253933 -0.98396 0.0122548 -0.348389 -0.127573 0.928547
430 0.084579 -0.253695 -0.981054 0.0130842 -0.354218 -0.127984 0.926271
431 0.080677 -0.254047 -0.977627 0.0132244 -0.359838 -0.127917 0.92411
432 0.0777497 -0.254979 -0.97472 0.0139755 -0.365185 -0.127789 0.922017
433 0.0737572 -0.25578 -0.972813 0.0141871 -0.369451 -0.128184 0.920257
434 0.0699267 -0.254792 -0.971497 0.0148681 -0.374082 -0.127934 0.918409
435 0.0662193 -0.254614 -0.96928 0.0144938 -0.379021 -0.128572 0.916298
436 0.0617113 -0.255415 -0.966894 0.0138253 -0.383601 -0.128652 0.914389
437 0.0579953 -0.254437 -0.965017 0.0148461 -0.388348 -0.128159 0.912436
438 0.0543895 -0.254338 -0.96312 0.014315 -0.393057 -0.128177 0.910424
439 0.0506148 -0.25411 -0.961443 0.0139011 -0.397382 -0.1284 0.90852
440 0.0464816 -0.253862 -0.960197 0.0133949 -0.401495 -0.12856 0.906694
441 0.0427623 -0.252913 -0.95914 0.0132153 -0.405703 -0.128805 0.904787
442 0.0386758 -0.253585 -0.957584 0.0115422 -0.409643 -0.129224 0.902973
443 0.03479 -0.253177 -0.955698 0.0110328 -0.413748 -0.129075 0.901127
444 0.03125 -0.252978 -0.954381 0.0104603 -0.417282 -0.129176 0.899489
445 0.0272703 -0.25234 -0.953094 0.00949625 -0.420642 -0.129802 0.897843
446 0.0231881 -0.252032 -0.950548 0.00857328 -0.424519 -0.130188 0.895969
447 0.0184999 -0.251944 -0.949062 0.00853364 -0.428086 -0.130509 0.894224
448 0.0146279 -0.251255 -0.948145 0.00930619 -0.431663 -0.129912 0.892582
449 0.0108976 -0.250257 -0.946918 0.00960927 -0.434944 -0.129122 0.8911
450 0.00149059 -0.249241 -0.943866 0.00785751 -0.441369 -0.128901 0.887984
451 -0.00265789 -0.248992 -0.94197 0.00677817 -0.445052 -0.128594 0.886198
452 -0.00714159 -0.247904 -0.940284 0.0063384 -0.447914 -0.128961 0.884704
453 -0.0123086 -0.247887 -0.937768 0.0049714 -0.450837 -0.129574 0.883137
454 -0.0171165 -0.247909 -0.935293 0.00500859 -0.453876 -0.12936 0.881611
455 -0.0210371 -0.24695 -0.934066 0.00589426 -0.45659 -0.129019 0.880253
456 -0.0258579 -0.246682 -0.93209 0.00559241 -0.459533 -0.128059 0.878862
457 -0.0308471 -0.246624 -0.930685 0.00477141 -0.462719 -0.126372 0.877439
458 -0.0353303 -0.245786 -0.929538 0.00445194 -0.465944 -0.125065 0.875919
459 -0.039444 -0.244937 -0.928242 0.00338056 -0.468586 -0.124241 0.874631
460 -0.0443711 -0.243939 -0.926316 0.00178587 -0.470884 -0.123821 0.873461
461 -0.0493145 -0.243422 -0.924031 0.000816167 -0.473759 -0.123254 0.871987
462 -0.0532303 -0.243384 -0.923484 -0.000633935 -0.476025 -0.122325 0.870882
463 -0.0579424 -0.242366 -0.922908 -0.00197463 -0.478219 -0.122463 0.869658
464 -0.0626926 -0.241508 -0.920722 -0.00342437 -0.481552 -0.122644 0.867787
465 -0.0670547 -0.24059 -0.918696 -0.00425021 -0.484366 -0.122386 0.866252
466 -0.0713015 -0.240822 -0.91774 -0.00577106 -0.486876 -0.122601 0.864805
467 -0.0748935 -0.240193 -0.917813 -0.00683759 -0.488859 -0.123164 0.863597
468 -0.0794182 -0.240015 -0.916187 -0.00950572 -0.491234 -0.122839 0.86227
469 -0.0835381 -0.239217 -0.9156 -0.0107031 -0.493339 -0.122394 0.861117
470 -0.0932803 -0.236031 -0.914438 -0.0170808 -0.499383 -0.122362 0.857527
471 -0.0967145 -0.235173 -0.913342 -0.0185533 -0.501765 -0.122403 0.856099
472 -0.0982122 -0.233814 -0.914063 -0.0186969 -0.503696 -0.123084 0.854863
473 -0.099865 -0.232534 -0.913794 -0.0209656 -0.505388 -0.1238 0.853708
474 -0.102458 -0.231845 -0.912636 -0.0242238 -0.507279 -0.124165 0.852446
475 -0.106236 -0.229957 -0.912239 -0.0278851 -0.510877 -0.125651 0.849964
476 -0.107942 -0.228397 -0.912501 -0.0305839 -0.512628 -0.127137 0.848595
477 -0.112672 -0.226699 -0.908175 -0.0342437 -0.518543 -0.127871 0.844742
478 -0.113267 -0.22671 -0.907735 -0.0346655 -0.521331 -0.128497 0.842912
479 -0.113575 -0.22629 -0.908095 -0.0361904 -0.523615 -0.129789 0.841232
480 -0.114929 -0.225801 -0.907086 -0.037937 -0.526431 -0.131424 0.839142
481 -0.115678 -0.226011 -0.906657 -0.0395343 -0.529121 -0.133222 0.83709
482 -0.116601 -0.225231 -0.905548 -0.0409328 -0.531829 -0.134908 0.835034
483 -0.116712 -0.224942 -0.904728 -0.0416714 -0.53559 -0.136203 0.832379
484 -0.116919 -0.224932 -0.904428 -0.0435324 -0.539163 -0.138526 0.82959
485 -0.118113 -0.224873 -0.902199 -0.0459521 -0.543295 -0.139822 0.82654
486 -0.11827 -0.224913 -0.900479 -0.0472409 -0.547963 -0.141082 0.823165
487 -0.118867 -0.224254 -0.89849 -0.0478282 -0.552537 -0.142804 0.819769
488 -0.120945 -0.224565 -0.894601 -0.0483401 -0.557234 -0.143953 0.816352
489 -0.120676 -0.225116 -0.893601 -0.0477752 -0.561098 -0.145092 0.813532
490 -0.12103 -0.225436 -0.891202 -0.0479979 -0.565064 -0.146712 0.810478
491 -0.120947 -0.225606 -0.888992 -0.048213 -0.568802 -0.147703 0.807666
492 -0.119956 -0.226635 -0.888661 -0.0495177 -0.572182 -0.149188 0.804922
493 -0.12122 -0.226567 -0.885142 -0.0510857 -0.576398 -0.151591 0.801359
494 -0.122225 -0.226548 -0.881083 -0.050816 -0.580807 -0.153476 0.797826
495 -0.122874 -0.227208 -0.877984 -0.049535 -0.584925 -0.155255 0.794547
496 -0.122599 -0.228208 -0.876904 -0.0479645 -0.588387 -0.157002 0.791739
497 -0.122509 -0.228659 -0.874964 -0.0475688 -0.592143 -0.158394 0.788679
498 -0.123025 -0.228389 -0.871784 -0.0469422 -0.596677 -0.158689 0.785233
499 -0.123198 -0.229069 -0.869704 -0.0468764 -0.600998 -0.158489 0.781975
500 -0.123394 -0.22938 -0.867834 -0.0466572 -0.605851 -0.158736 0.778184
501 -0.123909 -0.22962 -0.865435 -0.0467712 -0.610958 -0.159309 0.774057
502 -0.125279 -0.230161 -0.863046 -0.046981 -0.616075 -0.159837 0.769868
503 -0.126111 -0.230252 -0.860737 -0.0462656 -0.621636 -0.159724 0.765452
504 -0.127162 -0.230763 -0.858978 -0.0455926 -0.627135 -0.159941 0.760948
505 -0.127612 -0.230883 -0.857318 -0.0447097 -0.632508 -0.160426 0.756438
506 -0.128664 -0.230604 -0.855339 -0.0438011 -0.637745 -0.160642 0.752035
507 -0.130602 -0.230245 -0.852871 -0.0422643 -0.643107 -0.160311 0.747614
508 -0.131205 -0.229955 -0.850851 -0.0396707 -0.648335 -0.159989 0.743298
509 -0.131477 -0.230505 -0.850981 -0.0378291 -0.652387 -0.161556 0.7395
510 -0.132914 -0.230346 -0.849602 -0.0366899 -0.656617 -0.163184 0.735445
511 -0.1349 -0.230738 -0.848094 -0.0353651 -0.660819 -0.16442 0.731461
512 -0.135453 -0.231018 -0.848295 -0.033942 -0.664319 -0.166002 0.727992
513 -0.137156 -0.231128 -0.846926 -0.0337036 -0.668165 -0.166969 0.724252
514 -0.13836 -0.230959 -0.846577 -0.0336849 -0.671783 -0.167243 0.720835
515 -0.139843 -0.23083 -0.846709 -0.0337137 -0.675258 -0.167318 0.717562
516 -0.141019 -0.23044 -0.84738 -0.0340442 -0.678647 -0.16718 0.714374
517 -0.142507 -0.22985 -0.847381 -0.03466 -0.682137 -0.167247 0.710997
518 -0.145071 -0.229642 -0.846693 -0.0356261 -0.685791 -0.167177 0.707442
519 -0.146733 -0.228432 -0.846375 -0.0356439 -0.689307 -0.16652 0.70417
520 -0.14864 -0.227983 -0.847026 -0.0351157 -0.692598 -0.166487 0.700969
521 -0.151037 -0.227154 -0.846938 -0.0336968 -0.696247 -0.165935 0.697546
522 -0.151721 -0.227694 -0.850499 -0.0320645 -0.698505 -0.16725 0.695047
523 -0.153202 -0.226734 -0.85111 -0.0309763 -0.701061 -0.169163 0.692053
524 -0.155701 -0.225175 -0.850912 -0.0302846 -0.703728 -0.169261 0.689348
525 -0.157929 -0.225496 -0.852964 -0.0291168 -0.706306 -0.169516 0.686694
526 -0.160055 -0.225496 -0.855666 -0.0284012 -0.708689 -0.170543 0.684009
527 -0.163409 -0.224098 -0.855578 -0.0273142 -0.71203 -0.170775 0.680517
528 -0.166625 -0.223449 -0.856801 -0.0256771 -0.71501 -0.170489 0.677521
529 -0.168652 -0.223949 -0.859773 -0.0243376 -0.717013 -0.170845 0.675361
530 -0.171162 -0.223279 -0.861685 -0.0239521 -0.719029 -0.171203 0.673137
531 -0.174512 -0.222991 -0.862918 -0.0235312 -0.72151 -0.172049 0.670275
532 -0.177292 -0.222611 -0.864521 -0.0229541 -0.723721 -0.172731 0.667731
533 -0.180303 -0.220992 -0.865583 -0.0219081 -0.726059 -0.173218 0.665097
534 -0.184244 -0.220093 -0.865696 -0.0209647 -0.729077 -0.172873 0.661908
535 -0.187163 -0.219884 -0.867689 -0.0198023 -0.731311 -0.172348 0.659612
536 -0.190242 -0.220235 -0.870722 -0.0189815 -0.732992 -0.172458 0.657739
537 -0.193682 -0.220546 -0.873155 -0.0187793 -0.734734 -0.172273 0.655847
538 -0.196844 -0.219717 -0.874578 -0.0185577 -0.736776 -0.171952 0.653643
539 -0.200567 -0.219498 -0.876031 -0.0182939 -0.739298 -0.171929 0.650803
540 -0.204271 -0.21877 -0.877054 -0.01779 -0.742467 -0.171055 0.647431
541 -0.207503 -0.216771 -0.877846 -0.0162504 -0.74612 -0.169011 0.643798
542 -0.210777 -0.215342 -0.879949 -0.0140634 -0.749481 -0.167144 0.640424
543 -0.216388 -0.213183 -0.886624 -0.0080754 -0.754332 -0.162897 0.63591
544 -0.219769 -0.214734 -0.890717 -0.00660808 -0.755604 -0.162282 0.634574
545 -0.222889 -0.214214 -0.89402 -0.00510787 -0.756713 -0.16169 0.633416
546 -0.22612 -0.212635 -0.896942 -0.00282946 -0.75818 -0.159917 0.632125
547 -0.230093 -0.215697 -0.901176 -0.00203575 -0.759291 -0.160042 0.630761
548 -0.233765 -0.217618 -0.90485 -0.00155735 -0.760622 -0.161408 0.628808
549 -0.236292 -0.212688 -0.906882 0.00123505 -0.762537 -0.159617 0.626944
550 -0.239264 -0.211799 -0.911084 0.00387005 -0.763915 -0.158016 0.62566
551 -0.243063 -0.21602 -0.916538 0.00433601 -0.764925 -0.158834 0.624213
552 -0.245979 -0.21675 -0.920151 0.00444128 -0.766157 -0.159272 0.622588
553 -0.249051 -0.215281 -0.923153 0.00522001 -0.767877 -0.159048 0.620517
554 -0.251822 -0.215841 -0.927506 0.00635791 -0.769236 -0.159193 0.618783
555 -0.254375 -0.214772 -0.930888 0.00781999 -0.770836 -0.158896 0.616849
556 -0.257529 -0.216323 -0.935411 0.00918455 -0.772322 -0.159891 0.614711
557 -0.260022 -0.215603 -0.939403 0.0107108 -0.773911 -0.159847 0.612696
558 -0.262458 -0.214594 -0.943535 0.01229 -0.775518 -0.159592 0.610698
559 -0.264644 -0.213944 -0.949067 0.0141672 -0.777241 -0.159405 0.608511
560 -0.267033 -0.213694 -0.953719 0.0145491 -0.779095 -0.159304 0.606153
561 -0.269755 -0.210756 -0.955991 0.0156864 -0.781813 -0.158213 0.602903
562 -0.271949 -0.209446 -0.960053 0.0168913 -0.783807 -0.157138 0.600557
563 -0.274282 -0.210157 -0.964865 0.0179048 -0.785654 -0.157582 0.597993
564 -0.279749 -0.211928 -0.974801 0.0186043 -0.789388 -0.15991 0.592409
565 -0.282434 -0.209619 -0.979112 0.0185617 -0.791566 -0.159593 0.589584
566 -0.284938 -0.209089 -0.983745 0.0193047 -0.793586 -0.160273 0.586652
567 -0.287473 -0.210369 -0.988967 0.01924 -0.795529 -0.161364 0.583716
568 -0.290174 -0.210309 -0.994089 0.019609 -0.797727 -0.162066 0.580502
569 -0.292653 -0.207849 -0.997531 0.0197525 -0.800248 -0.161023 0.577308
570 -0.29448 -0.205269 -1.00211 0.0195986 -0.80215 -0.160032 0.574944
571 -0.296823 -0.20868 -1.00779 0.018478 -0.803768 -0.16185 0.572207
572 -0.29993 -0.20809 -1.01182 0.0170051 -0.80585 -0.163149 0.568945
573 -0.303403 -0.207491 -1.01666 0.0170607 -0.80824 -0.164198 0.56524
574 -0.305499 -0.206501 -1.02211 0.0174721 -0.810414 -0.164426 0.562039
575 -0.308178 -0.203261 -1.02607 0.01777 -0.813092 -0.163461 0.558432
576 -0.311242 -0.201461 -1.0311 0.0193756 -0.815413 -0.162799 0.555177
577 -0.312935 -0.201952 -1.03629 0.0204665 -0.817056 -0.16216 0.552905
578 -0.314117 -0.201111 -1.04212 0.0195835 -0.818459 -0.161211 0.551137
579 -0.315239 -0.200871 -1.04707 0.0182479 -0.82049 -0.16134 0.548118
580 -0.319082 -0.200741 -1.05153 0.0166895 -0.823086 -0.163492 0.543618
581 -0.324385 -0.197392 -1.05586 0.0178661 -0.826212 -0.164152 0.538617
582 -0.326217 -0.197312 -1.06062 0.0188781 -0.828615 -0.164747 0.534695
583 -0.328896 -0.197013 -1.06531 0.0186332 -0.830902 -0.166324 0.530652
584 -0.333621 -0.195483 -1.07018 0.0180144 -0.833602 -0.167175 0.526151
585 -0.336128 -0.194364 -1.07433 0.0171581 -0.83621 -0.167471 0.52193
586 -0.339632 -0.194205 -1.07866 0.0162923 -0.838814 -0.168929 0.51729
587 -0.344688 -0.192896 -1.08335 0.0158042 -0.84149 -0.170328 0.512477
588 -0.349301 -0.190966 -1.08841 0.0162057 -0.843781 -0.171204 0.50839
589 -0.353646 -0.189597 -1.0935 0.0167394 -0.845708 -0.172056 0.504871
590 -0.358219 -0.188288 -1.09837 0.0170992 -0.847686 -0.172323 0.501438
591 -0.362722 -0.188039 -1.10378 -0.0169533 0.849694 0.172579 -0.497945
592 -0.367089 -0.188099 -1.10904 -0.0163907 0.851964 0.17317 -0.493863
593 -0.37243 -0.186341 -1.11408 -0.0176408 0.85493 0.173495 -0.488553
594 -0.378563 -0.183972 -1.11946 -0.0199015 0.857811 0.173053 -0.483546
595 -0.38386 -0.182323 -1.12486 -0.0229846 0.860203 0.172046 -0.479502
596 -0.386645 -0.182653 -1.13033 -0.0242763 0.861595 0.171789 -0.477025
597 -0.392676 -0.182214 -1.13591 -0.0247328 0.863711 0.172425 -0.472928
598 -0.398703 -0.181906 -1.14198 -0.0245617 0.86625 0.172564 -0.468218
599 -0.403063 -0.180947 -1.14747 -0.0237628 0.868702 0.172321 -0.463787
600 -0.408468 -0.180097 -1.15313 -0.0228421 0.871176 0.17262 -0.459057
601 -0.42008 -0.17872 -1.1649 -0.0216025 0.875927 0.172588 -0.449999
602 -0.426626 -0.178012 -1.17041 -0.0212683 0.87831 0.173598 -0.444952
603 -0.434999 -0.176445 -1.17657 -0.0224339 0.8814 0.17348 -0.438789
604 -0.439622 -0.176326 -1.18238 -0.0239342 0.884273 0.17255 -0.433261
605 -0.443535 -0.176166 -1.18836 -0.0251065 0.88651 0.172498 -0.428619
606 -0.448423 -0.175288 -1.19436 -0.0260103 0.888378 0.172868 -0.424529
607 -0.454105 -0.174369 -1.20071 -0.0266624 0.890199 0.173138 -0.420546
608 -0.459868 -0.17413 -1.20647 -0.0270377 0.892279 0.173171 -0.416077
609 -0.46352 -0.173641 -1.21226 -0.027613 0.894325 0.172851 -0.411756
610 -0.467022 -0.173091 -1.21824 -0.027658 0.896178 0.173481 -0.407437
611 -0.471745 -0.172063 -1.22427 -0.0274873 0.898026 0.174435 -0.402946
612 -0.476781 -0.171554 -1.23058 -0.0267562 0.899841 0.175353 -0.398524
613 -0.481604 -0.170924 -1.23611 -0.0268433 0.902037 0.175958 -0.393253
614 -0.485668 -0.170496 -1.24227 -0.0269335 0.90393 0.176703 -0.388537
615 -0.490913 -0.169846 -1.24884 -0.0262491 0.905757 0.177087 -0.384129
616 -0.495926 -0.169527 -1.25523 -0.0263222 0.907599 0.176721 -0.379922
617 -0.499025 -0.169428 -1.26138 -0.0268331 0.909179 0.176181 -0.376342
618 -0.501475 -0.169438 -1.26667 -0.0260686 0.910631 0.1763 -0.372814
619 -0.510207 -0.168448 -1.28009 -0.0246336 0.914083 0.177208 -0.363927
620 -0.513467 -0.167559 -1.28595 -0.0243412 0.915735 0.177695 -0.359528
621 -0.518297 -0.166049 -1.29286 -0.0243059 0.917338 0.177875 -0.355331
622 -0.522039 -0.16526 -1.29925 -0.0248588 0.918642 0.178064 -0.351814
623 -0.525893 -0.1644 -1.30574 -0.0254446 0.919675 0.17839 -0.348894
624 -0.529728 -0.16363 -1.31298 -0.02531 0.920564 0.178651 -0.346418
625 -0.534503 -0.163101 -1.32032 -0.0256808 0.921568 0.178866 -0.343597
626 -0.537973 -0.162332 -1.32716 -0.0264948 0.922494 0.178153 -0.341416
627 -0.541596 -0.161132 -1.33394 -0.0269445 0.923335 0.177418 -0.339485
628 -0.546235 -0.160832 -1.34245 -0.0273296 0.923989 0.17695 -0.337916
629 -0.549084 -0.160213 -1.34919 -0.0274706 0.924614 0.175453 -0.336971
630 -0.551174 -0.159513 -1.35593 -0.0276259 0.924802 0.175205 -0.336571
631 -0.555733 -0.158494 -1.36453 -0.0265423 0.925048 0.175013 -0.336084
632 -0.55987 -0.157394 -1.3726 -0.0267679 0.925427 0.173931 -0.335584
633 -0.561775 -0.156513 -1.37931 -0.0273597 0.925478 0.173062 -0.335844
634 -0.562222 -0.156013 -1.38494 -0.0277611 0.925096 0.174235 -0.336256
635 -0.568314 -0.155004 -1.39441 -0.0257625 0.924815 0.176877 -0.335809
636 -0.574285 -0.155005 -1.40403 -0.0251765 0.925286 0.176463 -0.334773
637 -0.574311 -0.155035 -1.41037 -0.0251193 0.925805 0.174785 -0.334223
638 -0.57725 -0.154494 -1.41819 -0.0243932 0.926275 0.174302 -0.333224
639 -0.579979 -0.153704 -1.42652 -0.0241891 0.926718 0.173285 -0.332536
640 -0.581559 -0.153124 -1.43396 -0.0242401 0.927127 0.172717 -0.331688
641 -0.583693 -0.152084 -1.44199 -0.0247719 0.927461 0.172918 -0.33061
642 -0.585452 -0.151124 -1.44984 -0.0260271 0.927791 0.173445 -0.329308
643 -0.58786 -0.149755 -1.45744 -0.0264121 0.928279 0.174064 -0.327571
644 -0.591438 -0.149025 -1.46588 -0.0268081 0.928934 0.174457 -0.325465
645 -0.593351 -0.148324 -1.47405 -0.0274909 0.929654 0.174124 -0.323524
646 -0.595033 -0.148184 -1.48192 -0.0279358 0.930357 0.173703 -0.321689
647 -0.595402 -0.147083 -1.48811 -0.0282555 0.93115 0.173428 -0.319507
648 -0.598339 -0.145874 -1.49623 -0.0276173 0.931914 0.174341 -0.316827
649 -0.601199 -0.144444 -1.50454 -0.028056 0.933115 0.174362 -0.31322
650 -0.602892 -0.142953 -1.51152 -0.0292368 0.934208 0.174538 -0.309738
651 -0.604409 -0.141743 -1.51919 -0.0298107 0.934955 0.175622 -0.306803
652 -0.607583 -0.139673 -1.52757 -0.0301806 0.936051 0.176389 -0.302961
653 -0.609838 -0.137743 -1.53507 -0.0310916 0.937202 0.176848 -0.299015
654 -0.612175 -0.135453 -1.54262 -0.0318817 0.938262 0.177337 -0.295295
655 -0.615132 -0.133752 -1.55035 -0.0317771 0.939125 0.178349 -0.291935
656 -0.618762 -0.131653 -1.55833 -0.0323224 0.940018 0.178632 -0.28881
657 -0.62034 -0.129852 -1.56496 -0.0331361 0.940843 0.178572 -0.286056
658 -0.623204 -0.128532 -1.57285 -0.0331065 0.941604 0.179278 -0.283099
659 -0.625368 -0.126752 -1.58045 -0.0328966 0.942481 0.179202 -0.28024
660 -0.628068 -0.125382 -1.58836 -0.0323566 0.943185 0.180056 -0.27737
661 -0.6317 -0.124112 -1.59675 -0.0318439 0.943947 0.180773 -0.274355
662 -0.635182 -0.123322 -1.6058 -0.0313994 0.944781 0.180949 -0.271403
663 -0.638024 -0.121782 -1.61401 -0.0319599 0.945738 0.18027 -0.268443
664 -0.643715 -0.120441 -1.63089 -0.0316167 0.947053 0.182337 -0.262383
665 -0.647096 -0.12039 -1.64039 -0.0319324 0.947919 0.182414 -0.259141
666 -0.649372 -0.119951 -1.64856 -0.0314609 0.948793 0.181876 -0.256366
667 -0.653069 -0.11935 -1.65787 -0.0307556 0.949692 0.181186 -0.253594
668 -0.655236 -0.11918 -1.66623 -0.029928 0.950631 0.179731 -0.251201
669 -0.657257 -0.11962 -1.67481 -0.0283817 0.951391 0.179519 -0.248641
670 -0.661054 -0.11837 -1.68385 -0.0272295 0.952473 0.179038 -0.244948
671 -0.664452 -0.11688 -1.69257 -0.0275159 0.953594 0.178318 -0.241046
672 -0.66701 -0.11549 -1.70139 -0.0291527 0.954474 0.177878 -0.237674
673 -0.667651 -0.114399 -1.70932 -0.0302969 0.955146 0.178003 -0.234717
674 -0.668764 -0.112879 -1.71772 -0.0309837 0.955902 0.179152 -0.230644
675 -0.671314 -0.111948 -1.72691 -0.0310558 0.95684 0.180534 -0.225611
676 -0.673861 -0.111199 -1.73562 -0.0318116 0.957938 0.181184 -0.220262
677 -0.675975 -0.110849 -1.74315 -0.0324491 0.959018 0.181473 -0.215175
678 -0.67797 -0.109928 -1.75089 -0.0341612 0.960009 0.181817 -0.210137
679 -0.679934 -0.109468 -1.75755 -0.0352652 0.960813 0.182438 -0.205696
680 -0.681924 -0.109008 -1.76484 -0.0356924 0.961384 0.183591 -0.201895
681 -0.684508 -0.108818 -1.77277 -0.0350613 0.961872 0.184584 -0.198753
682 -0.688004 -0.108508 -1.78101 -0.0346127 0.962545 0.184581 -0.195548
683 -0.68855 -0.107167 -1.78738 -0.0365342 0.963143 0.183943 -0.192834
684 -0.688808 -0.106746 -1.79404 -0.0368888 0.963273 0.185495 -0.190619
685 -0.692665 -0.106136 -1.80304 -0.0366826 0.963569 0.187381 -0.187291
686 -0.695241 -0.104797 -1.81079 -0.038031 0.964156 0.187189 -0.184165
687 -0.696796 -0.104716 -1.81736 -0.0388275 0.964487 0.187877 -0.181547
688 -0.700292 -0.104116 -1.8264 -0.0391024 0.964873 0.188467 -0.178808
689 -0.700761 -0.103776 -1.83356 -0.0398538 0.965397 0.187674 -0.176634
690 -0.702043 -0.102885 -1.84086 -0.0395193 0.965774 0.187865 -0.174432
691 -0.703711 -0.101185 -1.84923 -0.0389002 0.966108 0.187879 -0.172694
692 -0.70513 -0.100444 -1.85735 -0.0376953 0.966499 0.187238 -0.171464
693 -0.706352 -0.0989134 -1.86543 -0.037157 0.966873 0.18631 -0.170481
694 -0.707893 -0.0966733 -1.87362 -0.0366045 0.967153 0.185185 -0.170239
695 -0.709372 -0.0953424 -1.882 -0.0362234 0.967285 0.18446 -0.170358
696 -0.71214 -0.0903306 -1.89941 -0.0375254 0.967665 0.183108 -0.169373
697 -0.712174 -0.0881495 -1.90648 -0.0385395 0.967452 0.184059 -0.169336
698 -0.714002 -0.089149 -1.91623 -0.0377621 0.966963 0.186592 -0.169527
699 -0.714509 -0.0895176 -1.92614 -0.0369511 0.966938 0.186285 -0.170185
700 -0.713294 -0.0886364 -1.93407 -0.0363481 0.967231 0.184592 -0.170498
701 -0.713292 -0.0888255 -1.94269 -0.0345132 0.967357 0.184383 -0.170387
702 -0.715381 -0.0872951 -1.95267 -0.0335447 0.967668 0.183488 -0.169783
703 -0.714886 -0.0848131 -1.96109 -0.0330202 0.96806 0.18145 -0.169838
704 -0.715041 -0.0819418 -1.97032 -0.033542 0.968276 0.180928 -0.169059
705 -0.715351 -0.079361 -1.9793 -0.0347251 0.968364 0.18151 -0.167688
706 -0.715391 -0.0793097 -1.9892 -0.0352722 0.968272 0.18317 -0.166294
707 -0.717394 -0.0801892 -1.99983 -0.0359619 0.968396 0.184298 -0.164166
708 -0.7176 -0.0783284 -2.00911 -0.0382248 0.968783 0.183006 -0.162813
709 -0.715617 -0.0777471 -2.01582 -0.0398916 0.968917 0.182655 -0.162005
710 -0.716434 -0.077076 -2.0245 -0.0411122 0.96895 0.183485 -0.160555
711 -0.716566 -0.075525 -2.03233 -0.0420027 0.969171 0.183289 -0.159215
712 -0.715409 -0.0734539 -2.03916 -0.0425967 0.969227 0.183779 -0.158144
713 -0.715865 -0.0730331 -2.0469 -0.0421948 0.969138 0.185462 -0.156827
714 -0.717066 -0.0742927 -2.05701 -0.0417108 0.969127 0.186878 -0.155337
715 -0.717186 -0.0738511 -2.06575 -0.0424167 0.969577 0.186322 -0.152989
716 -0.716256 -0.0712302 -2.07159 -0.0447118 0.970086 0.185403 -0.150197
717 -0.716685 -0.0706997 -2.07772 -0.0455004 0.97026 0.186262 -0.147758
718 -0.718573 -0.0701087 -2.08642 -0.0457722 0.970435 0.187258 -0.145242
719 -0.719869 -0.0692885 -2.0942 -0.045636 0.970824 0.187481 -0.142371
720 -0.719218 -0.0700269 -2.10163 -0.0447419 0.97109 0.18799 -0.140151
721 -0.723066 -0.071197 -2.11043 -0.0430984 0.971576 0.188571 -0.136469
722 -0.726992 -0.0707779 -2.11843 -0.0426435 0.972354 0.187271 -0.132812
723 -0.729109 -0.0707874 -2.1248 -0.0420128 0.973053 0.185777 -0.129957
724 -0.732095 -0.0709772 -2.13289 -0.0408849 0.973545 0.185125 -0.127542
725 -0.733865 -0.0694063 -2.14201 -0.0406513 0.974222 0.183209 -0.125193
726 -0.740916 -0.0683568 -2.15605 -0.0391223 0.975262 0.182297 -0.11875
727 -0.748152 -0.0677483 -2.16602 -0.0394446 0.975944 0.180825 -0.115238
728 -0.750181 -0.0641284 -2.17129 -0.0424823 0.976647 0.177539 -0.11329
729 -0.752003 -0.0641379 -2.17752 -0.0445217 0.976788 0.177294 -0.111668
730 -0.757704 -0.0658491 -2.18735 -0.0451403 0.977012 0.177343 -0.109354
731 -0.761354 -0.066689 -2.19499 -0.0464346 0.977466 0.175695 -0.107405
732 -0.763634 -0.0684788 -2.20198 -0.0470517 0.977792 0.174367 -0.106326
733 -0.769046 -0.0711303 -2.21066 -0.0469258 0.978199 0.173356 -0.104269
734 -0.772315 -0.0699706 -2.21722 -0.0486865 0.978878 0.170006 -0.102597
735 -0.774036 -0.0706103 -2.22279 -0.0499662 0.979206 0.168254 -0.101734
736 -0.777497 -0.0737705 -2.23136 -0.0507701 0.979326 0.167981 -0.100622
737 -0.780662 -0.0745311 -2.23861 -0.0520277 0.979931 0.165066 -0.098902
738 -0.780976 -0.0733604 -2.24246 -0.0534332 0.980497 0.162026 -0.0975604
739 -0.782589 -0.0730402 -2.2485 -0.0537441 0.98077 0.161087 -0.0961954
740 -0.783994 -0.07322 -2.25585 -0.0537049 0.981031 0.160408 -0.0946784
741 -0.785586 -0.0738199 -2.26287 -0.053327 0.981418 0.159371 -0.0926049
742 -0.78773 -0.0750899 -2.26896 -0.0525218 0.981857 0.158444 -0.0899653
743 -0.791905 -0.0762103 -2.27534 -0.0525874 0.982352 0.15709 -0.0868411
744 -0.793962 -0.0765505 -2.27924 -0.0527091 0.982898 0.154497 -0.0852243
745 -0.797178 -0.0770509 -2.28495 -0.0524876 0.983427 0.152121 -0.0835238
746 -0.793959 -0.0761387 -2.28839 -0.0530424 0.98397 0.148587 -0.0831316
747 -0.792528 -0.0740681 -2.29046 -0.053208 0.984298 0.147259 -0.0814965
748 -0.795275 -0.0740385 -2.29613 -0.0527619 0.984416 0.148071 -0.0788456
749 -0.797409 -0.0755985 -2.30318 -0.0517885 0.984691 0.147826 -0.0764796
750 -0.798313 -0.074688 -2.3067 -0.0519876 0.985185 0.145749 -0.0739204
751 -0.799999 -0.0739288 -2.30946 -0.0525862 0.985469 0.144735 -0.0716709
752 -0.802889 -0.0762184 -2.316 -0.052485 0.98565 0.144609 -0.0694802
753 -0.80217 -0.0742676 -2.31939 -0.0538655 0.986089 0.141848 -0.0678649
754 -0.799361 -0.072386 -2.32083 -0.0545116 0.986333 0.140449 -0.066704
755 -0.800817 -0.0721655 -2.32601 -0.054304 0.986453 0.140732 -0.0644654
756 -0.802158 -0.0715351 -2.33074 -0.0541719 0.986729 0.13985 -0.0622391
757 -0.803775 -0.0717256 -2.33535 -0.0538617 0.986979 0.139027 -0.0603537
758 -0.804553 -0.0734551 -2.3422 -0.0540877 0.987126 0.138469 -0.0590161
759 -0.802167 -0.0717037 -2.34582 -0.0547714 0.987476 0.136023 -0.0582172
760 -0.801885 -0.0708032 -2.34917 -0.0553543 0.987734 0.134863 -0.0559327
761 -0.804008 -0.0707536 -2.35455 -0.0556971 0.987965 0.134194 -0.0530535
762 -0.804222 -0.069052 -2.35987 -0.0567029 0.988281 0.132278 -0.050882
763 -0.803432 -0.0699019 -2.36462 -0.056819 0.988438 0.131531 -0.0496053
764 -0.802925 -0.0691409 -2.37054 -0.0570639 0.98863 0.130474 -0.0482791
765 -0.799675 -0.0655797 -2.37301 -0.0579845 0.988828 0.128985 -0.0471244
766 -0.79958 -0.0656285 -2.37989 -0.0577079 0.988875 0.129265 -0.0456847
767 -0.799318 -0.0648174 -2.38621 -0.0583929 0.989034 0.128378 -0.043824
768 -0.795131 -0.0608759 -2.38769 -0.059905 0.989209 0.126768 -0.042505
769 -0.794437 -0.060535 -2.39309 -0.0596811 0.989187 0.127763 -0.0403051
770 -0.794379 -0.0591741 -2.39991 -0.0597778 0.989245 0.128126 -0.0374777
771 -0.790088 -0.0563221 -2.40381 -0.0601212 0.989292 0.128177 -0.035452
772 -0.786329 -0.0550098 -2.4084 -0.0600387 0.989209 0.129534 -0.0329058
773 -0.787369 -0.0555201 -2.41508 -0.0592565 0.989163 0.131261 -0.0285605
774 -0.788657 -0.0550594 -2.42094 -0.0591712 0.98919 0.131916 -0.0244952
775 -0.789426 -0.0549498 -2.42571 -0.0590989 0.9892 0.132434 -0.0212646
776 -0.78673 -0.0542078 -2.43019 -0.059289 0.989155 0.132977 -0.0193612
777 -0.787177 -0.0540867 -2.43555 -0.0591532 0.989126 0.133677 -0.0161678
778 -0.786891 -0.056016 -2.44131 -0.0588141 0.989009 0.134995 -0.013336
779 -0.786599 -0.0595844 -2.44768 -0.0577159 0.988967 0.136032 -0.0103828
780 -0.783208 -0.0597832 -2.45306 -0.0572252 0.989125 0.135247 -0.00805781
781 -0.780324 -0.0585513 -2.4577 -0.0566433 0.989274 0.134544 -0.005235
782 -0.777268 -0.0583394 -2.4608 -0.0553776 0.989357 0.134541 -0.00218892
783 -0.776707 -0.0580387 -2.46718 -0.0539906 0.989449 0.134438 0.00164149
784 -0.777504 -0.0567379 -2.4714 -0.0534358 0.989609 0.133353 0.00588704
785 -0.774804 -0.0536768 -2.4742 -0.0543725 0.989693 0.132172 0.00905645
786 -0.772717 -0.0517662 -2.47699 -0.0547983 0.989677 0.131843 0.0123788
787 -0.771004 -0.0514951 -2.48079 -0.0547358 0.989627 0.131889 0.0157466
788 -0.769923 -0.0512946 -2.48539 -0.0542625 0.989604 0.131776 0.0193306
789 -0.768696 -0.0509541 -2.48788 -0.0531007 0.989622 0.131545 0.0228915
790 -0.769265 -0.0519431 -2.49306 -0.0511036 0.989612 0.131716 0.026582
791 -0.769515 -0.0498724 -2.49676 -0.0501098 0.98976 0.13033 0.0296337
792 -0.767695 -0.0477014 -2.49754 -0.0494108 0.989818 0.129669 0.0317015
793 -0.76888 -0.0482607 -2.5032 -0.0483694 0.989706 0.130256 0.0343046
794 -0.76982 -0.0475905 -2.50694 -0.0479227 0.989761 0.129298 0.0368523
795 -0.767826 -0.0461197 -2.50879 -0.0479372 0.989787 0.128609 0.0385247
796 -0.766535 -0.0458386 -2.51197 -0.0475005 0.989726 0.128596 0.0405977
797 -0.767087 -0.044029 -2.51436 -0.0464018 0.989712 0.128252 0.0432322
798 -0.768769 -0.0473781 -2.52073 -0.0451053 0.989506 0.129362 0.0459238
799 -0.770079 -0.0439181 -2.52432 -0.0452302 0.989627 0.127484 0.0483765
800 -0.766238 -0.0368669 -2.52191 -0.0464957 0.989739 0.125607 0.049771
801 -0.766604 -0.0363069 -2.52529 -0.0468939 0.989332 0.127596 0.0523595
802 -0.767533 -0.037056 -2.53079 -0.0470369 0.98897 0.12925 0.0549608
803 -0.767497 -0.0349262 -2.5329 -0.0474167 0.988797 0.129456 0.0572105
804 -0.767769 -0.0323257 -2.53617 -0.0484367 0.98852 0.130323 0.0591457
805 -0.76496 -0.0344126 -2.54839 -0.0492066 0.987739 0.133144 0.0649837
806 -0.764834 -0.0353322 -2.55269 -0.0494341 0.987317 0.134181 0.0689733
807 -0.765865 -0.0392315 -2.55962 -0.0490935 0.986749 0.135688 0.0741995
808 -0.76872 -0.0385118 -2.56541 -0.0484327 0.986422 0.134946 0.0800917
809 -0.768865 -0.035912 -2.56811 -0.0490636 0.986106 0.13357 0.0857106
810 -0.7711 -0.0315623 -2.57289 -0.0499083 0.985665 0.132492 0.0917605
811 -0.769085 -0.0266013 -2.57336 -0.0513751 0.985234 0.131541 0.0968078
812 -0.769405 -0.0333705 -2.58251 -0.0510179 0.984242 0.13507 0.102085
813 -0.773487 -0.0402005 -2.59491 -0.0502591 0.983396 0.136599 0.108385
814 -0.77472 -0.0341103 -2.59644 -0.0503828 0.983304 0.13267 0.113899
815 -0.775261 -0.0316095 -2.59998 -0.0498892 0.98286 0.131878 0.118766
816 -0.777467 -0.0315592 -2.60593 -0.0493667 0.982233 0.131942 0.123983
817 -0.780638 -0.0294695 -2.61187 -0.0485542 0.981781 0.130954 0.12884
818 -0.781901 -0.0249896 -2.61523 -0.0486288 0.981468 0.129551 0.132558
819 -0.781565 -0.0254683 -2.61988 -0.0490518 0.980926 0.130068 0.135867
820 -0.783714 -0.0260086 -2.62624 -0.0494804 0.980301 0.130509 0.139745
821 -0.785555 -0.0246992 -2.63111 -0.0496851 0.979857 0.129898 0.14331
822 -0.786441 -0.0252485 -2.63588 -0.0503709 0.979182 0.130115 0.147432
823 -0.789151 -0.0261288 -2.64286 -0.0505814 0.978449 0.129935 0.152302
824 -0.789138 -0.0222085 -2.64556 -0.0514383 0.978038 0.128222 0.156062
825 -0.787755 -0.023057 -2.64957 -0.0518853 0.977449 0.128636 0.159227
826 -0.790769 -0.0216267 -2.65659 -0.0525971 0.976757 0.128301 0.163455
827 -0.790213 -0.0153463 -2.65753 -0.0533331 0.976438 0.126362 0.166607
828 -0.789231 -0.0163553 -2.66199 -0.0533271 0.975603 0.128255 0.170016
829 -0.794395 -0.0194366 -2.67126 -0.0526555 0.974402 0.130248 0.175511
830 -0.795291 -0.0169661 -2.67503 -0.053192 0.973769 0.129123 0.179646
831 -0.792738 -0.0141551 -2.67612 -0.0542829 0.973307 0.128433 0.182295
832 -0.792071 -0.0137942 -2.68144 -0.0547209 0.972438 0.129672 0.185888
833 -0.794226 -0.012624 -2.68694 -0.0542613 0.971468 0.130478 0.190477
834 -0.795215 -0.0123835 -2.69313 -0.053922 0.970475 0.131167 0.195104
835 -0.795274 -0.0128922 -2.69883 -0.0537761 0.969517 0.131822 0.199417
836 -0.794924 -0.0117116 -2.70358 -0.0536336 0.96868 0.131859 0.203459
837 -0.794102 -0.00948024 -2.70802 -0.0533384 0.967899 0.131505 0.207443
838 -0.792214 -0.0101578 -2.7156 -0.0535893 0.966982 0.132401 0.211054
839 -0.787554 -0.00610614 -2.71874 -0.0538319 0.966494 0.131422 0.213821
840 -0.78513 -0.0039947 -2.72338 -0.0540176 0.965678 0.131771 0.217221
841 -0.784248 -0.00303292 -2.72965 -0.054296 0.964585 0.133204 0.221096
842 -0.778895 -0.000579596 -2.74093 -0.0552921 0.962556 0.134851 0.22857
843 -0.77736 0.000241756 -2.7477 -0.0549693 0.961659 0.135765 0.231859
844 -0.777214 -0.0010469 -2.75542 -0.0547313 0.960627 0.137243 0.235295
845 -0.776656 -0.00457573 -2.76333 -0.0543118 0.959607 0.13837 0.238871
846 -0.773389 -0.0053637 -2.7707 -0.0532287 0.959065 0.137175 0.241957
847 -0.767473 -0.00411034 -2.77599 -0.0529652 0.958794 0.135514 0.244018
848 -0.766194 -0.00126934 -2.78163 -0.0520375 0.958414 0.134532 0.246242
849 -0.761088 0.000513315 -2.78771 -0.0518012 0.958158 0.134236 0.247446
850 -0.75622 0.00255585 -2.79269 -0.0514667 0.957927 0.133989 0.248542
851 -0.753834 0.00263834 -2.79929 -0.0522489 0.957438 0.134346 0.250065
852 -0.750041 0.00131965 -2.80609 -0.0530292 0.956958 0.134506 0.251648
853 -0.747946 0.00148153 -2.81185 -0.0534681 0.956375 0.133932 0.254067
854 -0.744875 0.00341344 -2.81718 -0.0533742 0.956063 0.133454 0.255511
855 -0.740213 0.00378609 -2.82227 -0.0535814 0.955583 0.134236 0.256848
856 -0.737556 0.00502825 -2.82759 -0.0531505 0.954842 0.134068 0.259764
857 -0.734127 0.00677013 -2.83176 -0.0530689 0.954087 0.13388 0.262637
858 -0.731288 0.00548196 -2.83857 -0.0534744 0.952956 0.135094 0.266016
859 -0.728371 0.0055933 -2.84485 -0.0533104 0.952095 0.135122 0.2691
860 -0.724708 0.00767517 -2.84963 -0.0528675 0.951405 0.134445 0.271953
861 -0.721562 0.00874758 -2.85471 -0.0529525 0.950592 0.134214 0.274876
862 -0.717569 0.00804949 -2.85986 -0.0529952 0.949785 0.134228 0.277636
863 -0.71493 0.0066514 -2.8665 -0.0535557 0.948669 0.133962 0.281448
864 -0.711144 0.0105231 -2.87041 -0.0533653 0.947852 0.132056 0.285115
865 -0.708871 0.0180645 -2.87203 -0.0525141 0.946987 0.130438 0.288866
866 -0.705604 0.0203273 -2.88389 -0.0520169 0.943817 0.132333 0.298315
867 -0.700883 0.02176 -2.88826 -0.0517314 0.942416 0.132956 0.302486
868 -0.699472 0.0218511 -2.89436 -0.0517033 0.940653 0.133834 0.30755
869 -0.695986 0.0228331 -2.90051 -0.0519657 0.939251 0.134415 0.311514
870 -0.691504 0.0252154 -2.90386 -0.0521485 0.938369 0.134542 0.314074
871 -0.690189 0.0265369 -2.90883 -0.0521014 0.93709 0.135758 0.317359
872 -0.684664 0.0235596 -2.91478 -0.0531352 0.935936 0.137574 0.319803
873 -0.683962 0.0231612 -2.92113 -0.0536899 0.934611 0.138169 0.32331
874 -0.680372 0.0206327 -2.92677 -0.0546401 0.933379 0.138866 0.326396
875 -0.676931 0.0215855 -2.93161 -0.054647 0.932497 0.138367 0.329118
876 -0.670913 0.024138 -2.93399 -0.0544472 0.932033 0.137918 0.330649
877 -0.668276 0.0265293 -2.93786 -0.0542612 0.931162 0.138183 0.333014
878 -0.666056 0.0240011 -2.94528 -0.0549407 0.929668 0.139792 0.336387
879 -0.66032 0.0256038 -2.94953 -0.0548015 0.928908 0.13945 0.338644
880 -0.65684 0.0274656 -2.95263 -0.0543318 0.928002 0.139199 0.341296
881 -0.652155 0.0275984 -2.95834 -0.0538798 0.926825 0.139478 0.344439
882 -0.650622 0.0280595 -2.965 -0.0534477 0.925427 0.139319 0.348309
883 -0.644843 0.0281928 -2.96912 -0.053223 0.924565 0.13879 0.350832
884 -0.639701 0.0333648 -2.97179 -0.0522161 0.923984 0.137112 0.353167
885 -0.638858 0.0386353 -2.97596 -0.051844 0.922868 0.135852 0.35661
886 -0.636809 0.0392475 -2.9833 -0.0520837 0.921342 0.136341 0.360315
887 -0.633249 0.0422599 -2.98799 -0.0515196 0.920255 0.135838 0.363351
888 -0.630239 0.0444119 -2.99296 -0.0512657 0.918999 0.13647 0.366318
889 -0.627069 0.0440242 -2.99935 -0.051664 0.917417 0.138074 0.369612
890 -0.622921 0.0431972 -3.00762 -0.0518293 0.91572 0.139441 0.373266
891 -0.619956 0.0432391 -3.01397 -0.0521255 0.91405 0.139719 0.377193
892 -0.614867 0.0450718 -3.01815 -0.052614 0.912565 0.139529 0.380774
893 -0.609185 0.0440948 -3.02276 -0.0540604 0.910836 0.140234 0.384434
894 -0.605316 0.0435467 -3.03022 -0.0548914 0.908788 0.140781 0.388938
895 -0.601332 0.0424488 -3.03612 -0.0550972 0.906686 0.140593 0.39385
896 -0.595795 0.0377817 -3.0442 -0.0564866 0.90412 0.140626 0.399501
897 -0.590167 0.0372343 -3.04888 -0.0571164 0.902225 0.138754 0.40432
898 -0.585072 0.0387273 -3.05417 -0.0571028 0.899888 0.136697 0.410189
899 -0.578643 0.0438802 -3.05698 -0.0562341 0.897604 0.13445 0.416015
900 -0.575954 0.0483122 -3.06054 -0.0559523 0.894834 0.133471 0.422288
901 -0.571479 0.0482352 -3.06999 -0.0568786 0.891099 0.133775 0.429897
902 -0.566658 0.0507176 -3.07508 -0.0569435 0.887907 0.132827 0.436733
903 -0.557845 0.0513706 -3.0732 -0.0583268 0.885541 0.1326 0.441398
904 -0.540295 0.0521903 -3.09212 -0.059637 0.875974 0.131994 0.460098
905 -0.535008 0.0538831 -3.09787 -0.0585825 0.873194 0.132039 0.465474
906 -0.530283 0.0575051 -3.10144 -0.0569743 0.870466 0.131522 0.470898
907 -0.526988 0.0571172 -3.10617 -0.0571847 0.86701 0.132435 0.476953
908 -0.519771 0.0548704 -3.10918 -0.0584784 0.864113 0.132652 0.481967
909 -0.513523 0.0554733 -3.11034 -0.0590936 0.86162 0.131615 0.486618
910 -0.509638 0.057025 -3.11209 -0.0597837 0.858989 0.130766 0.491391
911 -0.504289 0.0567479 -3.11664 -0.0609585 0.85619 0.130765 0.496108
912 -0.498974 0.0574503 -3.12007 -0.0617898 0.853652 0.130206 0.500506
913 -0.494769 0.0595622 -3.12293 -0.0616957 0.851364 0.129568 0.504563
914 -0.488551 0.0595345 -3.12438 -0.0623442 0.849474 0.129673 0.507634
915 -0.482353 0.0582273 -3.12796 -0.0630453 0.847243 0.130306 0.511103
916 -0.477771 0.0613794 -3.13031 -0.0623421 0.845293 0.129691 0.514561
917 -0.473382 0.0645616 -3.1332 -0.0613065 0.843324 0.130066 0.517812
918 -0.468046 0.0632739 -3.1358 -0.0613938 0.841185 0.130597 0.521136
919 -0.463732 0.0626163 -3.1403 -0.0608739 0.839011 0.130221 0.524784
920 -0.455791 0.0606794 -3.14134 -0.0609667 0.837717 0.129232 0.52708
921 -0.448905 0.0637119 -3.14247 -0.06017 0.836655 0.127408 0.529297
922 -0.443893 0.0652845 -3.1437 -0.0600116 0.8353 0.127114 0.531522
923 -0.436089 0.0629475 -3.14866 -0.0614785 0.833107 0.127824 0.534615
924 -0.428564 0.0631011 -3.15223 -0.0616479 0.831044 0.126332 0.53815
925 -0.417021 0.0621462 -3.15756 -0.0630949 0.826622 0.124907 0.545082
926 -0.408186 0.0614896 -3.15947 -0.0632728 0.824864 0.12383 0.547961
927 -0.402712 0.0645819 -3.16164 -0.061803 0.822789 0.122704 0.551491
928 -0.396031 0.0667148 -3.1638 -0.0609395 0.820476 0.122548 0.555055
929 -0.388725 0.0669575 -3.16617 -0.0610868 0.817936 0.122444 0.558799
930 -0.383499 0.0688202 -3.16943 -0.0605827 0.815531 0.122092 0.562434
931 -0.375759 0.0676229 -3.16984 -0.0615183 0.813599 0.121872 0.565172
932 -0.368215 0.0665364 -3.17306 -0.0623284 0.811574 0.120899 0.568196
933 -0.36084 0.0657594 -3.17623 -0.0631838 0.8095 0.119739 0.571297
934 -0.352841 0.0654125 -3.17721 -0.0635554 0.807521 0.118505 0.574306
935 -0.345273 0.0666652 -3.17675 -0.0632923 0.805661 0.117591 0.577128
936 -0.337394 0.0678577 -3.17736 -0.0632127 0.803619 0.116663 0.580165
937 -0.331932 0.0700202 -3.17976 -0.0625405 0.801122 0.116263 0.583759
938 -0.323813 0.068104 -3.18238 -0.0628453 0.798169 0.116604 0.587691
939 -0.315647 0.0666668 -3.18227 -0.0626359 0.795921 0.116214 0.590831
940 -0.309624 0.0684295 -3.18388 -0.0613211 0.793433 0.115709 0.594403
941 -0.303765 0.0706918 -3.18608 -0.0605014 0.790622 0.11539 0.598283
942 -0.295733 0.0710452 -3.18628 -0.0606759 0.788015 0.114725 0.601822
943 -0.28989 0.0720072 -3.18579 -0.0604292 0.785636 0.114253 0.605037
944 -0.281829 0.0729897 -3.18485 -0.060916 0.783496 0.114364 0.607737
945 -0.275054 0.0742819 -3.18572 -0.0612001 0.780705 0.114603 0.611245
946 -0.268367 0.0757947 -3.18809 -0.0618723 0.777465 0.115695 0.615089
947 -0.261362 0.0774374 -3.18894 -0.0624036 0.77428 0.11653 0.618883
948 -0.25454 0.0776501 -3.19162 -0.0630643 0.770678 0.117462 0.623121
949 -0.247299 0.0779028 -3.19294 -0.0634962 0.767517 0.11781 0.626903
950 -0.240882 0.0792551 -3.19379 -0.0637586 0.764489 0.117905 0.630547
951 -0.234073 0.081028 -3.19566 -0.0638491 0.761418 0.118491 0.634134
952 -0.227052 0.0814102 -3.19627 -0.0647986 0.758712 0.119212 0.637139
953 -0.219642 0.0820229 -3.19746 -0.0653576 0.756217 0.119791 0.639932
954 -0.212757 0.081506 -3.1989 -0.0657435 0.753435 0.120775 0.642983
955 -0.205012 0.0820191 -3.20094 -0.0655645 0.750269 0.120917 0.646666
956 -0.197448 0.0824723 -3.20335 -0.064862 0.747293 0.120475 0.650255
957 -0.191446 0.0838654 -3.20566 -0.0638383 0.744475 0.119821 0.653701
958 -0.183597 0.0821285 -3.20726 -0.0641668 0.741363 0.12001 0.657161
959 -0.174149 0.0795119 -3.20809 -0.0642056 0.738281 0.119099 0.660783
960 -0.167892 0.0837142 -3.2081 -0.0621172 0.735866 0.116053 0.66421
961 -0.160976 0.085367 -3.20869 -0.0625016 0.733043 0.114675 0.667526
962 -0.152631 0.0866301 -3.20991 -0.0636569 0.730092 0.113338 0.670871
963 -0.14549 0.0878725 -3.21008 -0.0647849 0.727673 0.112014 0.673608
964 -0.137987 0.0894454 -3.21234 -0.0654548 0.724666 0.111213 0.67691
965 -0.1312 0.0909779 -3.21332 -0.0648746 0.7212 0.111295 0.680643
966 -0.123324 0.0918708 -3.21377 -0.0644351 0.717529 0.11203 0.684434
967 -0.11635 0.0933437 -3.21586 -0.0634298 0.713513 0.112276 0.688673
968 -0.109041 0.0935266 -3.21615 -0.0632114 0.710051 0.112043 0.692299
969 -0.103362 0.0950685 -3.21871 -0.0625188 0.706433 0.111851 0.696084
970 -0.0957937 0.095082 -3.22055 -0.0629096 0.702774 0.111404 0.699814
971 -0.0887457 0.0950952 -3.22168 -0.0636156 0.699512 0.109827 0.70326
972 -0.081382 0.0949781 -3.22238 -0.0646517 0.696853 0.107309 0.706187
973 -0.0755811 0.0961998 -3.22157 -0.0650535 0.69445 0.104836 0.708884
974 -0.0690915 0.0972822 -3.2214 -0.0659657 0.691339 0.103577 0.712019
975 -0.0623127 0.0983548 -3.22163 -0.0669179 0.688043 0.102762 0.715233
976 -0.0548775 0.0984075 -3.22189 -0.0678802 0.684383 0.102521 0.71868
977 -0.0482541 0.0995595 -3.22045 -0.0679154 0.680827 0.102377 0.722067
978 -0.0420502 0.101092 -3.222 -0.0682642 0.675809 0.10351 0.726573
979 -0.0338214 0.101265 -3.22301 -0.0695634 0.670664 0.104186 0.731106
980 -0.0251501 0.100368 -3.22292 -0.0699027 0.66624 0.103749 0.73517
981 -0.0206382 0.10127 -3.22207 -0.069274 0.662326 0.102837 0.738884
982 -0.0135882 0.102062 -3.22158 -0.0702106 0.657985 0.103023 0.742639
983 -0.00542103 0.102066 -3.22191 -0.0709132 0.653304 0.102959 0.746702
984 0.000635434 0.103658 -3.22196 -0.0705661 0.648881 0.102219 0.750683
985 0.00631225 0.10446 -3.21988 -0.070895 0.645232 0.102196 0.753795
986 0.0131589 0.105242 -3.21878 -0.0716629 0.641509 0.102574 0.756842
987 0.0205742 0.105805 -3.21833 -0.0722273 0.637916 0.102656 0.759808
988 0.0269149 0.106387 -3.21812 -0.0720256 0.634522 0.102825 0.762641
989 0.0337754 0.10624 -3.21754 -0.0720993 0.631445 0.102803 0.765186
990 0.0404666 0.104892 -3.21506 -0.0726428 0.629336 0.102228 0.766947
991 0.0472204 0.103254 -3.21402 -0.0728787 0.626912 0.101323 0.769028
992 0.053543 0.101715 -3.21077 -0.0727134 0.625014 0.0996478 0.770805
993 0.0602168 0.101128 -3.20914 -0.0722421 0.622899 0.097833 0.772791
994 0.0660632 0.10191 -3.20772 -0.0717231 0.62084 0.0960364 0.774719
995 0.0726143 0.102472 -3.20591 -0.0725368 0.618768 0.0950992 0.776416
996 0.0799431 0.102305 -3.20431 -0.0737373 0.61641 0.0942416 0.77828
997 0.086353 0.102827 -3.20327 -0.0752471 0.613802 0.0934024 0.780295
998 0.0950257 0.0998406 -3.20062 -0.077582 0.611544 0.0934244 0.781835
999 0.101244 0.100213 -3.20016 -0.0771926 0.609154 0.0919998 0.783906
1000 0.107714 0.101025 -3.19937 -0.0769305 0.606023 0.0914024 0.786424
1001 0.115076 0.100198 -3.19718 -0.0781457 0.602832 0.0912431 0.788772
1002 0.122996 0.0985408 -3.19542 -0.0793203 0.599629 0.0905873 0.791168
1003 0.129113 0.0990822 -3.19371 -0.0791871 0.596894 0.0888531 0.793443
1004 0.135713 0.0988946 -3.19243 -0.0794649 0.594034 0.0881393 0.795638
1005 0.142736 0.0972464 -3.18957 -0.0802891 0.591851 0.0875797 0.797242
1006 0.149456 0.0962589 -3.1869 -0.0803256 0.589597 0.0865051 0.799025
1007 0.155016 0.0965507 -3.18472 -0.080031 0.587233 0.0852371 0.800929
1008 0.160972 0.096163 -3.18214 -0.0802023 0.584558 0.0843774 0.802957
1009 0.167916 0.0956957 -3.1797 -0.0801904 0.581289 0.0833708 0.805433
1010 0.17352 0.0962169 -3.17835 -0.0796114 0.577776 0.0821627 0.808137
1011 0.179213 0.0972788 -3.17724 -0.0791909 0.574315 0.0822036 0.810638
1012 0.185497 0.0967903 -3.17377 -0.079135 0.571645 0.0826224 0.812486
1013 0.190555 0.0969417 -3.17153 -0.0784427 0.568539 0.0827954 0.814711
1014 0.196243 0.0980639 -3.17069 -0.0771468 0.564853 0.0831917 0.817354
1015 0.201553 0.0996754 -3.16961 -0.0756555 0.561044 0.0832723 0.820104
1016 0.206456 0.0993063 -3.16661 -0.0761507 0.558479 0.0839839 0.821735
1017 0.212387 0.0993786 -3.16436 -0.0769344 0.555458 0.0840625 0.8237
1018 0.217192 0.0990503 -3.16128 -0.0780314 0.552683 0.0838738 0.825481
1019 0.223303 0.0989523 -3.15821 -0.0790556 0.549435 0.0838182 0.827554
1020 0.22894 0.0985842 -3.15499 -0.0793434 0.546704 0.0834204 0.829374
1021 0.233987 0.0980051 -3.15069 -0.0794164 0.544332 0.0833158 0.830936
1022 0.239002 0.0978363 -3.14705 -0.079795 0.541527 0.0834029 0.832721
1023 0.245427 0.0973079 -3.1438 -0.0807527 0.538277 0.0838101 0.834693
1024 0.252085 0.0968099 -3.13972 -0.0809454 0.535014 0.0830121 0.836849
1025 0.256332 0.0969107 -3.13585 -0.0808115 0.53247 0.0818698 0.838596
1026 0.26222 0.0979025 -3.13444 -0.0811768 0.528399 0.081948 0.841124
1027 0.269876 0.0966048 -3.12931 -0.0821877 0.52436 0.0819071 0.843554
1028 0.276025 0.096777 -3.12738 -0.0805897 0.519742 0.0809004 0.846657
1029 0.281822 0.0970292 -3.12491 -0.0800536 0.515301 0.0795988 0.849541
1030 0.288119 0.0974007 -3.12139 -0.0805405 0.511132 0.0780492 0.852154
1031 0.294176 0.0972726 -3.11792 -0.0820178 0.507235 0.0767042 0.85446
1032 0.301103 0.0962944 -3.11387 -0.0840603 0.503546 0.0754504 0.856552
1033 0.308099 0.0958464 -3.11002 -0.0848467 0.500164 0.0735483 0.85862
1034 0.312397 0.0956876 -3.10725 -0.0847256 0.497541 0.0713431 0.86034
1035 0.316985 0.0971992 -3.10494 -0.0850254 0.49426 0.0701955 0.862294
1036 0.323752 0.097791 -3.10237 -0.0869407 0.489488 0.0705003 0.864796
1037 0.330289 0.096523 -3.09828 -0.0887245 0.485289 0.0706793 0.866964
1038 0.336806 0.0954254 -3.09514 -0.0896285 0.480929 0.0704255 0.869318
1039 0.342054 0.0936067 -3.09167 -0.089874 0.476981 0.0699193 0.871506
1040 0.347393 0.0937684 -3.09059 -0.0891531 0.472114 0.0692707 0.874278
1041 0.354519 0.0924206 -3.08627 -0.0897029 0.467207 0.0679916 0.876954
1042 0.358947 0.0914221 -3.08264 -0.0884655 0.463316 0.0654731 0.879332
1043 0.368724 0.0908656 -3.079 -0.0886167 0.455797 0.0607402 0.883576
1044 0.373891 0.0904574 -3.0761 -0.0893719 0.451963 0.0581955 0.885639
1045 0.377707 0.0895281 -3.07145 -0.0897751 0.448324 0.0563307 0.887566
1046 0.382656 0.0896196 -3.06938 -0.0900103 0.443227 0.0554942 0.890151
1047 0.388322 0.0891016 -3.06483 -0.0908815 0.43843 0.0546704 0.892486
1048 0.393429 0.0888922 -3.06163 -0.0904405 0.433475 0.0535428 0.895016
1049 0.397747 0.0886736 -3.05947 -0.0897126 0.428568 0.0531128 0.897474
1050 0.403285 0.0893555 -3.05685 -0.0893485 0.42343 0.0525357 0.89998
1051 0.408071 0.0884166 -3.05262 -0.0893163 0.418963 0.0518336 0.902112
1052 0.412469 0.0874078 -3.0498 -0.0890576 0.413982 0.0514873 0.904454
1053 0.417016 0.0872693 -3.04614 -0.0887873 0.408452 0.0507986 0.90703
1054 0.425531 0.0872309 -3.0402 -0.0882334 0.397882 0.0502799 0.911799
1055 0.430068 0.0872121 -3.03671 -0.0887142 0.393561 0.0503869 0.91362
1056 0.434344 0.0868132 -3.03247 -0.088977 0.389489 0.0502589 0.915344
1057 0.43866 0.0859149 -3.0272 -0.0886879 0.385347 0.0494214 0.917169
1058 0.441717 0.0843453 -3.02371 -0.0880801 0.38099 0.048487 0.919096
1059 0.445024 0.083636 -3.01964 -0.0877331 0.376916 0.0474239 0.920863
1060 0.448611 0.0828669 -3.01586 -0.0875334 0.372774 0.0466917 0.922603
1061 0.452007 0.081938 -3.01126 -0.0874063 0.368874 0.0456705 0.924233
1062 0.455883 0.0812085 -3.00685 -0.0871301 0.364702 0.0441108 0.925989
1063 0.45928 0.0807586 -3.00283 -0.0866491 0.361279 0.0424678 0.927451
1064 0.462107 0.0800297 -2.99927 -0.0866351 0.358219 0.0413086 0.928691
1065 0.465194 0.0788798 -2.99496 -0.0869195 0.354935 0.0404277 0.929963
1066 0.468361 0.0781403 -2.99126 -0.086775 0.351553 0.0392093 0.931313
1067 0.470198 0.0769093 -2.98723 -0.0865745 0.348588 0.0384198 0.932478
1068 0.474945 0.0748501 -2.98244 -0.0863843 0.344555 0.0369113 0.934054
1069 0.478591 0.0715914 -2.97726 -0.0845889 0.341815 0.0345518 0.935315
1070 0.482037 0.0699821 -2.97137 -0.080955 0.337936 0.0322355 0.937127
1071 0.485233 0.0681627 -2.96687 -0.0813935 0.336074 0.0319464 0.937768
1072 0.486899 0.0673332 -2.96171 -0.0810699 0.334706 0.0308036 0.938323
1073 0.490836 0.0655537 -2.95693 -0.0809129 0.332237 0.0298157 0.939246
1074 0.493371 0.0637541 -2.95122 -0.079761 0.330894 0.0290132 0.939843
1075 0.496119 0.0616345 -2.94737 -0.0785039 0.328519 0.0276358 0.940823
1076 0.500086 0.0602059 -2.94327 -0.0777426 0.32592 0.0261604 0.941832
1077 0.502223 0.058876 -2.93969 -0.0775719 0.324571 0.0247 0.942351
1078 0.50481 0.0574467 -2.93576 -0.0790811 0.322649 0.0235713 0.942915
1079 0.508465 0.0559464 -2.92939 -0.0806069 0.320471 0.0229192 0.943544
1080 0.51103 0.0553465 -2.92423 -0.0803439 0.31804 0.0218348 0.944415
1081 0.512677 0.0538163 -2.91927 -0.0808601 0.315883 0.0221237 0.945087
1082 0.515941 0.0529768 -2.9124 -0.0810444 0.312931 0.0219845 0.946056
1083 0.519705 0.0520566 -2.90577 -0.0797346 0.310034 0.0214903 0.947132
1084 0.521792 0.0500975 -2.90168 -0.0780167 0.307448 0.0222207 0.948101
1085 0.524619 0.0489883 -2.89699 -0.0777171 0.304321 0.022074 0.949137
1086 0.526994 0.0479581 -2.89123 -0.0774496 0.301756 0.0217917 0.949984
1087 0.52865 0.0473983 -2.88691 -0.0768696 0.298757 0.0219829 0.950974
1088 0.531146 0.0468984 -2.88194 -0.0770415 0.295092 0.0218391 0.952107
1089 0.533711 0.0457683 -2.87545 -0.076949 0.291727 0.0215475 0.953158
1090 0.536386 0.0447984 -2.8695 -0.0756389 0.287917 0.0203195 0.954447
1091 0.537992 0.0430884 -2.8643 -0.0744686 0.28467 0.0192821 0.955534
1092 0.540257 0.0419984 -2.85801 -0.0730581 0.281625 0.0179048 0.956572
1093 0.541083 0.0402682 -2.85315 -0.071449 0.279435 0.0168008 0.957355
1094 0.54109 0.0393772 -2.8488 -0.0707149 0.277515 0.0159962 0.957982
1095 0.542636 0.0380268 -2.84358 -0.0716979 0.274688 0.0155356 0.958731
1096 0.54449 0.0365262 -2.83651 -0.0727288 0.27176 0.0148295 0.959498
1097 0.546944 0.0356162 -2.82907 -0.0721898 0.267839 0.0125142 0.960674
1098 0.54812 0.0340466 -2.82402 -0.0710488 0.264274 0.0105107 0.96177
1099 0.548456 0.0323756 -2.81881 -0.0709977 0.261191 0.00954223 0.962625
1100 0.550671 0.0312455 -2.81301 -0.0711047 0.257529 0.00931871 0.963606
1101 0.551276 0.0310647 -2.8073 -0.0707426 0.25488 0.00906823 0.964339
1102 0.552791 0.0306249 -2.80077 -0.0707615 0.251782 0.00948257 0.965147
1103 0.553624 0.0307844 -2.79365 -0.0701791 0.248668 0.00930365 0.965998
1104 0.555678 0.0305042 -2.78595 -0.069443 0.244719 0.00905359 0.967062
1105 0.557961 0.0303435 -2.77838 -0.0681655 0.240914 0.00836368 0.968114
1106 0.560205 0.0298336 -2.771 -0.0664746 0.237822 0.00741067 0.969003
1107 0.562458 0.0297635 -2.76388 -0.0643473 0.235229 0.00644625 0.969786
1108 0.563752 0.0291522 -2.75696 -0.0624784 0.233431 0.0060905 0.970345
1109 0.565337 0.0275519 -2.74994 -0.0620412 0.231181 0.00602072 0.970912
1110 0.567691 0.0273616 -2.7428 -0.0616078 0.228244 0.00516481 0.971639
1111 0.570574 0.0266116 -2.73452 -0.061274 0.225569 0.00461676 0.972287
1112 0.573856 0.0252416 -2.72603 -0.0594257 0.223018 0.00348293 0.972995
1113 0.575122 0.0246711 -2.72028 -0.0567642 0.221229 0.00224833 0.973566
1114 0.576996 0.0236204 -2.71364 -0.0569267 0.219671 0.00193953 0.97391
1115 0.580499 0.0222509 -2.70536 -0.0572095 0.217625 0.00195917 0.974353
1116 0.581844 0.0206609 -2.69815 -0.0563635 0.216137 0.0021005 0.974733
1117 0.583778 0.0206208 -2.6921 -0.0556766 0.213638 0.00248477 0.975322
1118 0.586472 0.020041 -2.68456 -0.0561651 0.211645 0.00291584 0.975727
1119 0.588495 0.0195711 -2.67687 -0.0558262 0.210234 0.00346627 0.97605
1120 0.591099 0.0183706 -2.66951 -0.0554817 0.207596 0.00360009 0.976633
1121 0.592734 0.0171607 -2.6629 -0.0550152 0.204387 0.00321965 0.977338
1122 0.595608 0.0152802 -2.6552 -0.054834 0.200257 0.00305355 0.978203
1123 0.597932 0.0140798 -2.64796 -0.053734 0.196547 0.0022981 0.979018
1124 0.599676 0.0121098 -2.64096 -0.0532411 0.193392 0.00173723 0.979674
1125 0.601311 0.0110488 -2.63443 -0.0523212 0.190742 0.00118387 0.980244
1126 0.602526 0.0104983 -2.62891 -0.0517887 0.188526 0.00132615 0.980701
1127 0.60453 0.0100179 -2.62247 -0.0517663 0.185788 0.00162032 0.981224
1128 0.607144 0.00900793 -2.61553 -0.0517546 0.182942 0.00175606 0.981759
1129 0.608839 0.00859785 -2.60951 -0.0510065 0.180474 0.00154714 0.982255
1130 0.609995 0.00849748 -2.60453 -0.0501692 0.178278 0.00142075 0.982699
1131 0.61188 0.00894713 -2.59948 -0.0498833 0.176135 0.00104508 0.983101
1132 0.613585 0.00915718 -2.59361 -0.0502937 0.174479 0.000517875 0.983375
1133 0.61606 0.00817704 -2.58745 -0.0507347 0.172633 0.000355169 0.983679
1134 0.618145 0.00807714 -2.58221 -0.0504588 0.170358 -0.000426211 0.984089
1135 0.620631 0.00578737 -2.57624 -0.0507003 0.16763 -0.00067124 0.984545
1136 0.621577 0.00418711 -2.57103 -0.0498561 0.165369 -0.000990783 0.98497
1137 0.622753 0.00296688 -2.56632 -0.0489208 0.163104 -0.00122355 0.985394
1138 0.625199 0.00118709 -2.56093 -0.0482726 0.160703 -0.00154301 0.98582
1139 0.625086 -2.31266e-05 -2.55738 -0.0473477 0.158983 -0.00237156 0.986142
1140 0.625973 -0.000443697 -2.55311 -0.0475314 0.156633 -0.00241235 0.986509
1141 0.628678 -0.00224352 -2.54739 -0.0479091 0.153734 -0.00197666 0.986948
1142 0.631114 -0.00237298 -2.54237 -0.0468471 0.151262 -0.0023121 0.98738
1143 0.63293 -0.00289273 -2.53757 -0.0461109 0.149277 -0.00218288 0.987717
1144 0.634766 -0.00433326 -2.53249 -0.0460896 0.147581 -0.00234975 0.987973
1145 0.637071 -0.00456381 -2.52712 -0.0453783 0.145655 -0.00252841 0.988291
1146 0.638898 -0.00500298 -2.52272 -0.0449275 0.143878 -0.00268127 0.988571
1147 0.640444 -0.00509286 -2.51801 -0.0447307 0.142436 -0.00296592 0.988788
1148 0.642808 -0.00529313 -2.51231 -0.044063 0.140754 -0.00266818 0.98906
1149 0.644264 -0.0054338 -2.50744 -0.043288 0.139265 -0.00297532 0.989304
1150 0.646209 -0.0054841 -2.50135 -0.0425365 0.138015 -0.00272923 0.989513
1151 0.648054 -0.00575423 -2.49503 -0.0411279 0.137308 -0.00322688 0.989669
1152 0.648689 -0.0055449 -2.48966 -0.0397449 0.137308 -0.00416893 0.989722
1153 0.649284 -0.00589514 -2.48421 -0.0390518 0.1373 -0.00424624 0.98975
1154 0.649969 -0.0084157 -2.47707 -0.0394762 0.136787 -0.0036359 0.989807
1155 0.651363 -0.00958562 -2.47038 -0.0388222 0.13525 -0.00312862 0.990046
1156 0.653427 -0.0109656 -2.46319 -0.0379382 0.133646 -0.00244073 0.9903
1157 0.655696 -0.0141168 -2.44899 -0.0348263 0.131456 -0.00193942 0.990708
1158 0.656982 -0.0156872 -2.44317 -0.0329948 0.130324 -0.00230387 0.99092
1159 0.657017 -0.018218 -2.43637 -0.0320409 0.130123 -0.00223288 0.990977
1160 0.657442 -0.0209987 -2.43007 -0.0319109 0.129531 -0.00136543 0.991061
1161 0.658307 -0.0229888 -2.423 -0.0314168 0.128984 -0.00088493 0.991148
1162 0.658751 -0.0237799 -2.41633 -0.0302964 0.129084 -0.000576486 0.991171
1163 0.659426 -0.0254304 -2.41014 -0.0302515 0.129135 0.000144477 0.991165
1164 0.66132 -0.0286515 -2.40237 -0.0305934 0.128767 0.000822926 0.991202
1165 0.661085 -0.0300429 -2.39535 -0.0291359 0.12942 0.000418429 0.991162
1166 0.66094 -0.0321839 -2.38901 -0.0282746 0.130075 0.000903483 0.991101
1167 0.661434 -0.0327742 -2.38234 -0.0261338 0.130156 0.000716257 0.991149
1168 0.66102 -0.0341253 -2.37638 -0.0247614 0.130925 6.66813e-06 0.991083
1169 0.660105 -0.035507 -2.37054 -0.0242492 0.131897 0.000741809 0.990966
1170 0.660519 -0.0387278 -2.36283 -0.0241712 0.131754 0.00198887 0.990986
1171 0.659904 -0.0418286 -2.35569 -0.0224486 0.131545 0.00246112 0.991053
1172 0.659539 -0.0423899 -2.34896 -0.0194704 0.131105 0.00260703 0.991174
1173 0.659683 -0.0440404 -2.3422 -0.017249 0.130925 0.00307017 0.991237
1174 0.659278 -0.0441215 -2.33661 -0.0150516 0.13084 0.00258213 0.991286
1175 0.658838 -0.0468135 -2.32367 -0.0135524 0.131022 0.0027444 0.991283
1176 0.659503 -0.0484343 -2.31694 -0.0131199 0.130097 0.00283185 0.99141
1177 0.660186 -0.0479944 -2.31038 -0.0113632 0.129535 0.00288794 0.991506
1178 0.659621 -0.0481749 -2.30485 -0.00941415 0.129821 0.00267118 0.991489
1179 0.659647 -0.0499957 -2.29854 -0.008931 0.129986 0.00413415 0.991467
1180 0.657602 -0.0504775 -2.29286 -0.00754085 0.130133 0.00456751 0.991457
1181 0.654018 -0.0487893 -2.28948 -0.00731666 0.130073 0.00453082 0.991467
1182 0.653912 -0.0490699 -2.28229 -0.0104468 0.12865 0.00548612 0.99162
1183 0.656644 -0.05042 -2.27317 -0.0119056 0.126572 0.00616196 0.991867
1184 0.658538 -0.0489097 -2.26641 -0.0107332 0.125427 0.00497556 0.992032
1185 0.658482 -0.0487206 -2.26027 -0.0106958 0.125793 0.00374823 0.991992
1186 0.658937 -0.0499208 -2.25336 -0.0115073 0.125886 0.00339065 0.991972
1187 0.658331 -0.0499117 -2.24741 -0.0119125 0.126083 0.00364702 0.991941
1188 0.657536 -0.0492332 -2.24164 -0.0125245 0.125291 0.00506581 0.992028
1189 0.658509 -0.049644 -2.23441 -0.0141442 0.122865 0.00610292 0.992304
1190 0.660162 -0.0487447 -2.22717 -0.0150352 0.120349 0.00614686 0.992599
1191 0.663426 -0.0487545 -2.21976 -0.0158272 0.118397 0.00605907 0.992822
1192 0.66568 -0.0483644 -2.21314 -0.0151132 0.117708 0.00591468 0.992916
1193 0.665235 -0.0472953 -2.20752 -0.0143679 0.118012 0.00559045 0.992893
1194 0.667328 -0.0476661 -2.20005 -0.0151934 0.117268 0.0062572 0.992964
1195 0.670921 -0.0485559 -2.19203 -0.0147129 0.11625 0.00690361 0.993087
1196 0.673405 -0.0487463 -2.18484 -0.0135104 0.116309 0.00647428 0.9931
1197 0.674789 -0.0498772 -2.17753 -0.0134114 0.117034 0.00597832 0.993019
1198 0.676363 -0.0500972 -2.17046 -0.0122377 0.117414 0.0051446 0.992994
1199 0.676228 -0.0488384 -2.16535 -0.0124325 0.118267 0.00462889 0.992893
1200 0.679531 -0.0496075 -2.15742 -0.0149062 0.118174 0.00618056 0.992862
1201 0.682834 -0.0508578 -2.14879 -0.0159093 0.118237 0.00784015 0.992827
1202 0.684448 -0.0511484 -2.14202 -0.0150937 0.118982 0.00844663 0.992746
1203 0.686292 -0.0512686 -2.13498 -0.0150974 0.11955 0.0105033 0.992658
1204 0.688515 -0.0525587 -2.12735 -0.0151768 0.120221 0.0113073 0.992567
1205 0.69075 -0.0532188 -2.12049 -0.0142145 0.121143 0.0115593 0.992466
1206 0.691914 -0.0527794 -2.11457 -0.013342 0.122273 0.0113531 0.992342
1207 0.694248 -0.0531592 -2.10778 -0.0139646 0.122966 0.0117507 0.992243
1208 0.696543 -0.0543795 -2.10069 -0.0145899 0.123496 0.0124423 0.99216
1209 0.696487 -0.0547206 -2.09462 -0.0153346 0.123816 0.012123 0.992113
1210 0.697912 -0.0548198 -2.08831 -0.0168121 0.12266 0.0117681 0.992236
1211 0.70154 -0.057121 -2.07432 -0.0182138 0.120167 0.0107656 0.992528
1212 0.701466 -0.0581615 -2.06875 -0.0177108 0.119301 0.00936862 0.992656
1213 0.700992 -0.0582621 -2.0636 -0.0172188 0.118194 0.00816025 0.992808
1214 0.700677 -0.0585029 -2.0582 -0.0174592 0.116513 0.00702893 0.993011
1215 0.701208 -0.0603943 -2.04716 -0.0188203 0.110817 0.00486603 0.993651
1216 0.702053 -0.0611441 -2.04155 -0.0194954 0.107687 0.00483291 0.993982
1217 0.702839 -0.0620747 -2.03591 -0.0194559 0.10504 0.00380747 0.99427
1218 0.703625 -0.0616546 -2.03139 -0.0186517 0.102741 0.00265135 0.99453
1219 0.703061 -0.062746 -2.02639 -0.0192995 0.101377 0.00151143 0.99466
1220 0.702556 -0.063607 -2.02132 -0.0195972 0.10025 0.000352542 0.994769
1221 0.701383 -0.0652885 -2.01634 -0.0206779 0.0990359 -0.000325012 0.994869
1222 0.701188 -0.0655198 -2.01069 -0.0211422 0.0966954 -0.000563012 0.995089
1223 0.701363 -0.0656106 -2.00553 -0.0212708 0.0937292 -0.00124277 0.99537
1224 0.700748 -0.0658615 -1.99985 -0.0216182 0.0912987 -0.00240905 0.995586
1225 0.699613 -0.066313 -1.99426 -0.0218349 0.0892115 -0.00358106 0.995767
1226 0.698508 -0.0668843 -1.98871 -0.0222995 0.0871779 -0.00430972 0.995934
1227 0.697214 -0.0681763 -1.98286 -0.0228912 0.0847424 -0.004992 0.996127
1228 0.695909 -0.068898 -1.97688 -0.0228883 0.0820471 -0.00608202 0.996347
1229 0.694793 -0.0692992 -1.97026 -0.0227899 0.0794105 -0.00736969 0.996554
1230 0.694048 -0.0698204 -1.96453 -0.0223803 0.0772372 -0.0082995 0.996727
1231 0.692703 -0.0701818 -1.95897 -0.0221059 0.0757378 -0.00941414 0.996838
1232 0.690069 -0.0705438 -1.95399 -0.0221814 0.075103 -0.0100884 0.996878
1233 0.687874 -0.0706253 -1.94805 -0.0224842 0.0740144 -0.0103903 0.996949
1234 0.686779 -0.0708365 -1.94213 -0.0228804 0.0724216 -0.00962302 0.997065
1235 0.684905 -0.0709884 -1.93677 -0.0234723 0.0716207 -0.00939687 0.997111
1236 0.684749 -0.0714593 -1.93015 -0.0246332 0.0705861 -0.00892118 0.997162
1237 0.684064 -0.0716906 -1.92476 -0.0253399 0.0700406 -0.00881612 0.997183
1238 0.68293 -0.0731719 -1.91905 -0.0269093 0.0699845 -0.00876769 0.997147
1239 0.682174 -0.0747135 -1.91267 -0.027753 0.0697537 -0.00861363 0.997141
1240 0.68023 -0.0757945 -1.90772 -0.0271391 0.0698918 -0.00900512 0.997145
